7149000192.00000000	-0.00540081	-0.01305788
7149002752.00000000	-0.00532165	-0.01328574
7149004800.00000000	-0.00530351	-0.01303836
7149007360.00000000	-0.00551162	-0.01299994
7149009920.00000000	-0.00560883	-0.01316429
7149012480.00000000	-0.00556288	-0.01308255
7149015040.00000000	-0.00564674	-0.01315416
7149017600.00000000	-0.00531531	-0.01309180
7149020160.00000000	-0.00560680	-0.01294049
7149022720.00000000	-0.00546072	-0.01287059
7149024768.00000000	-0.00552838	-0.01293015
7149027328.00000000	-0.00572294	-0.01289940
7149029888.00000000	-0.00551752	-0.01307236
7149032448.00000000	-0.00573389	-0.01292742
7149035008.00000000	-0.00554397	-0.01305667
7149037568.00000000	-0.00562322	-0.01310694
7149040128.00000000	-0.00581884	-0.01309365
7149042688.00000000	-0.00577423	-0.01294236
7149044736.00000000	-0.00565666	-0.01267921
7149047296.00000000	-0.00566068	-0.01299327
7149049856.00000000	-0.00590084	-0.01295817
7149052416.00000000	-0.00577354	-0.01279076
7149054976.00000000	-0.00592281	-0.01302692
7149057536.00000000	-0.00592818	-0.01275870
7149060096.00000000	-0.00590616	-0.01278349
7149062656.00000000	-0.00594926	-0.01283691
7149065216.00000000	-0.00604824	-0.01269796
7149067264.00000000	-0.00596454	-0.01286896
7149069824.00000000	-0.00601947	-0.01292443
7149072384.00000000	-0.00624560	-0.01289992
7149074944.00000000	-0.00590188	-0.01273496
7149077504.00000000	-0.00599435	-0.01292376
7149080064.00000000	-0.00608273	-0.01287211
7149082624.00000000	-0.00612967	-0.01286102
7149085184.00000000	-0.00622421	-0.01290064
7149087232.00000000	-0.00606128	-0.01288639
7149089792.00000000	-0.00620441	-0.01288963
7149092352.00000000	-0.00612572	-0.01284456
7149094912.00000000	-0.00592063	-0.01274189
7149097472.00000000	-0.00603476	-0.01295511
7149100032.00000000	-0.00614467	-0.01283366
7149102592.00000000	-0.00632239	-0.01274452
7149105152.00000000	-0.00623043	-0.01279860
7149107712.00000000	-0.00618986	-0.01282557
7149109760.00000000	-0.00620011	-0.01284661
7149112320.00000000	-0.00641364	-0.01266525
7149114880.00000000	-0.00636705	-0.01274417
7149117440.00000000	-0.00654455	-0.01270201
7149120000.00000000	-0.00651128	-0.01281449
7149122560.00000000	-0.00623837	-0.01255103
7149125120.00000000	-0.00635338	-0.01260163
7149127680.00000000	-0.00636490	-0.01259764
7149129728.00000000	-0.00635139	-0.01260366
7149132288.00000000	-0.00637688	-0.01264799
7149134848.00000000	-0.00630416	-0.01268278
7149137408.00000000	-0.00670694	-0.01255909
7149139968.00000000	-0.00651756	-0.01246422
7149142528.00000000	-0.00653054	-0.01274662
7149145088.00000000	-0.00636023	-0.01240579
7149147648.00000000	-0.00671590	-0.01252008
7149150208.00000000	-0.00659154	-0.01255215
7149152256.00000000	-0.00668121	-0.01253967
7149154816.00000000	-0.00658181	-0.01242962
7149157376.00000000	-0.00679949	-0.01268312
7149159936.00000000	-0.00661734	-0.01240974
7149162496.00000000	-0.00655519	-0.01251432
7149165056.00000000	-0.00674459	-0.01251490
7149167616.00000000	-0.00684498	-0.01256914
7149170176.00000000	-0.00670271	-0.01255769
7149172224.00000000	-0.00699879	-0.01239736
7149174784.00000000	-0.00698630	-0.01240059
7149177344.00000000	-0.00686873	-0.01238983
7149179904.00000000	-0.00693750	-0.01233598
7149182464.00000000	-0.00706093	-0.01248190
7149185024.00000000	-0.00687823	-0.01229684
7149187584.00000000	-0.00701535	-0.01230475
7149190144.00000000	-0.00704928	-0.01219774
7149192704.00000000	-0.00701767	-0.01244174
7149194752.00000000	-0.00700306	-0.01250163
7149197312.00000000	-0.00706345	-0.01244138
7149199872.00000000	-0.00700255	-0.01236632
7149202432.00000000	-0.00706547	-0.01224886
7149204992.00000000	-0.00684426	-0.01212390
7149207552.00000000	-0.00728962	-0.01235540
7149210112.00000000	-0.00711509	-0.01224125
7149212672.00000000	-0.00706924	-0.01237541
7149214720.00000000	-0.00711435	-0.01226814
7149217280.00000000	-0.00726618	-0.01240589
7149219840.00000000	-0.00728309	-0.01219232
7149222400.00000000	-0.00727675	-0.01230340
7149224960.00000000	-0.00714081	-0.01211278
7149227520.00000000	-0.00717606	-0.01225773
7149230080.00000000	-0.00728807	-0.01204696
7149232640.00000000	-0.00725241	-0.01216170
7149234688.00000000	-0.00708904	-0.01207445
7149237248.00000000	-0.00737369	-0.01214012
7149239808.00000000	-0.00727487	-0.01216472
7149242368.00000000	-0.00741103	-0.01213034
7149244928.00000000	-0.00742801	-0.01227411
7149247488.00000000	-0.00741000	-0.01200454
7149250048.00000000	-0.00748529	-0.01212119
7149252608.00000000	-0.00733563	-0.01203316
7149255168.00000000	-0.00756606	-0.01200872
7149257216.00000000	-0.00758275	-0.01213048
7149259776.00000000	-0.00750025	-0.01200467
7149262336.00000000	-0.00760483	-0.01201533
7149264896.00000000	-0.00760104	-0.01193912
7149267456.00000000	-0.00745766	-0.01194914
7149270016.00000000	-0.00766455	-0.01192093
7149272576.00000000	-0.00774996	-0.01188933
7149275136.00000000	-0.00768263	-0.01191414
7149277184.00000000	-0.00765757	-0.01202589
7149279744.00000000	-0.00776694	-0.01194838
7149282304.00000000	-0.00755447	-0.01174201
7149284864.00000000	-0.00734639	-0.01189980
7149287424.00000000	-0.00790007	-0.01207550
7149289984.00000000	-0.00778200	-0.01194288
7149292544.00000000	-0.00769907	-0.01204068
7149295104.00000000	-0.00789051	-0.01184577
7149297664.00000000	-0.00774463	-0.01177156
7149299712.00000000	-0.00784863	-0.01188757
7149302272.00000000	-0.00776093	-0.01194445
7149304832.00000000	-0.00777368	-0.01190974
7149307392.00000000	-0.00785572	-0.01162319
7149309952.00000000	-0.00796128	-0.01174260
7149312512.00000000	-0.00787839	-0.01193175
7149315072.00000000	-0.00806001	-0.01170590
7149317632.00000000	-0.00797668	-0.01185560
7149319680.00000000	-0.00799858	-0.01167459
7149322240.00000000	-0.00808775	-0.01170045
7149324800.00000000	-0.00803741	-0.01159581
7149327360.00000000	-0.00822775	-0.01163924
7149329920.00000000	-0.00787715	-0.01168056
7149332480.00000000	-0.00810132	-0.01168516
7149335040.00000000	-0.00811980	-0.01149727
7149337600.00000000	-0.00805140	-0.01156989
7149340160.00000000	-0.00817063	-0.01165564
7149342208.00000000	-0.00819222	-0.01162699
7149344768.00000000	-0.00834798	-0.01186376
7149347328.00000000	-0.00810065	-0.01168108
7149349888.00000000	-0.00831423	-0.01152025
7149352448.00000000	-0.00812997	-0.01142569
7149355008.00000000	-0.00829814	-0.01155546
7149357568.00000000	-0.00830111	-0.01162820
7149360128.00000000	-0.00817537	-0.01142170
7149362176.00000000	-0.00813681	-0.01162352
7149364736.00000000	-0.00826741	-0.01160480
7149367296.00000000	-0.00837682	-0.01144112
7149369856.00000000	-0.00837792	-0.01136945
7149372416.00000000	-0.00849435	-0.01146898
7149374976.00000000	-0.00841141	-0.01154635
7149377536.00000000	-0.00826311	-0.01137882
7149380096.00000000	-0.00843969	-0.01143664
7149382656.00000000	-0.00828078	-0.01137877
7149384704.00000000	-0.00850004	-0.01123118
7149387264.00000000	-0.00857612	-0.01134432
7149389824.00000000	-0.00850507	-0.01126958
7149392384.00000000	-0.00844062	-0.01122781
7149394944.00000000	-0.00870800	-0.01132140
7149397504.00000000	-0.00855691	-0.01133467
7149400064.00000000	-0.00857867	-0.01125606
7149402624.00000000	-0.00851427	-0.01126403
7149404672.00000000	-0.00859967	-0.01108905
7149407232.00000000	-0.00872031	-0.01128838
7149409792.00000000	-0.00864920	-0.01118397
7149412352.00000000	-0.00862922	-0.01115717
7149414912.00000000	-0.00880667	-0.01108196
7149417472.00000000	-0.00849387	-0.01113719
7149420032.00000000	-0.00895092	-0.01115485
7149422592.00000000	-0.00872394	-0.01124605
7149424640.00000000	-0.00863393	-0.01124062
7149427200.00000000	-0.00885011	-0.01128697
7149429760.00000000	-0.00885549	-0.01122466
7149432320.00000000	-0.00876539	-0.01105902
7149434880.00000000	-0.00866887	-0.01106351
7149437440.00000000	-0.00892870	-0.01107336
7149440000.00000000	-0.00886493	-0.01107286
7149442560.00000000	-0.00886465	-0.01103356
7149445120.00000000	-0.00892585	-0.01072172
7149447168.00000000	-0.00880392	-0.01104254
7149449728.00000000	-0.00887855	-0.01119375
7149452288.00000000	-0.00909470	-0.01093793
7149454848.00000000	-0.00896847	-0.01080651
7149457408.00000000	-0.00869546	-0.01071474
7149459968.00000000	-0.00899310	-0.01090144
7149462528.00000000	-0.00905139	-0.01087725
7149465088.00000000	-0.00908324	-0.01081662
7149467136.00000000	-0.00894380	-0.01086181
7149469696.00000000	-0.00907127	-0.01089711
7149472256.00000000	-0.00911970	-0.01075175
7149474816.00000000	-0.00924731	-0.01100458
7149477376.00000000	-0.00905823	-0.01069514
7149479936.00000000	-0.00916877	-0.01064313
7149482496.00000000	-0.00908186	-0.01098002
7149485056.00000000	-0.00896648	-0.01068388
7149487616.00000000	-0.00925273	-0.01072090
7149489664.00000000	-0.00908446	-0.01071261
7149492224.00000000	-0.00936407	-0.01057884
7149494784.00000000	-0.00929264	-0.01073411
7149497344.00000000	-0.00930185	-0.01076963
7149499904.00000000	-0.00927680	-0.01065930
7149502464.00000000	-0.00950171	-0.01077810
7149505024.00000000	-0.00933744	-0.01068409
7149507584.00000000	-0.00918414	-0.01043325
7149509632.00000000	-0.00923801	-0.01063759
7149512192.00000000	-0.00931681	-0.01060105
7149514752.00000000	-0.00945835	-0.01068144
7149517312.00000000	-0.00959976	-0.01054384
7149519872.00000000	-0.00930872	-0.01048665
7149522432.00000000	-0.00936000	-0.01063071
7149524992.00000000	-0.00953659	-0.01068141
7149527552.00000000	-0.00926222	-0.01039827
7149530112.00000000	-0.00952630	-0.01035224
7149532160.00000000	-0.00963760	-0.01048199
7149534720.00000000	-0.00965861	-0.01046859
7149537280.00000000	-0.00947097	-0.01046605
7149539840.00000000	-0.00980796	-0.01050438
7149542400.00000000	-0.00959123	-0.01051605
7149544960.00000000	-0.00941637	-0.01029397
7149547520.00000000	-0.00962288	-0.01044685
7149550080.00000000	-0.00974464	-0.01038310
7149552128.00000000	-0.00965378	-0.01031825
7149554688.00000000	-0.00955439	-0.01046516
7149557248.00000000	-0.00964849	-0.01054004
7149559808.00000000	-0.00952566	-0.01032073
7149562368.00000000	-0.00983149	-0.01034010
7149564928.00000000	-0.00975492	-0.01043540
7149567488.00000000	-0.00962877	-0.01028451
7149570048.00000000	-0.00959246	-0.01025151
7149572608.00000000	-0.00982219	-0.01032836
7149574656.00000000	-0.00987894	-0.01002526
7149577216.00000000	-0.00981735	-0.01010344
7149579776.00000000	-0.00981484	-0.01029177
7149582336.00000000	-0.00976805	-0.01020181
7149584896.00000000	-0.00983433	-0.00999791
7149587456.00000000	-0.00990316	-0.01013539
7149590016.00000000	-0.00976437	-0.01011749
7149592576.00000000	-0.00975074	-0.01010828
7149594624.00000000	-0.01002330	-0.01020085
7149597184.00000000	-0.00979715	-0.01009611
7149599744.00000000	-0.00985326	-0.01014135
7149602304.00000000	-0.00990052	-0.00998382
7149604864.00000000	-0.00995811	-0.01000837
7149607424.00000000	-0.00990312	-0.00999091
7149609984.00000000	-0.01006844	-0.01026507
7149612544.00000000	-0.01010710	-0.00996722
7149615104.00000000	-0.01005398	-0.01024936
7149617152.00000000	-0.01005564	-0.00976099
7149619712.00000000	-0.00997036	-0.00984922
7149622272.00000000	-0.01022169	-0.00983671
7149624832.00000000	-0.01026242	-0.00976964
7149627392.00000000	-0.01006105	-0.00985776
7149629952.00000000	-0.00996755	-0.00984116
7149632512.00000000	-0.01025186	-0.00981154
7149635072.00000000	-0.01018125	-0.00997969
7149637120.00000000	-0.01008942	-0.00980889
7149639680.00000000	-0.01013854	-0.00961804
7149642240.00000000	-0.01013722	-0.00971985
7149644800.00000000	-0.01025186	-0.00980304
7149647360.00000000	-0.01030069	-0.00975898
7149649920.00000000	-0.01018172	-0.00983325
7149652480.00000000	-0.01018262	-0.00979794
7149655040.00000000	-0.01020973	-0.00974742
7149657600.00000000	-0.01042807	-0.00963387
7149659648.00000000	-0.01051320	-0.00986630
7149662208.00000000	-0.01030437	-0.00963446
7149664768.00000000	-0.01045201	-0.00946763
7149667328.00000000	-0.01048089	-0.00942176
7149669888.00000000	-0.01027908	-0.00949856
7149672448.00000000	-0.01034431	-0.00941657
7149675008.00000000	-0.01043815	-0.00977699
7149677568.00000000	-0.01053295	-0.00972018
7149679616.00000000	-0.01030149	-0.00940829
7149682176.00000000	-0.01038964	-0.00943357
7149684736.00000000	-0.01034025	-0.00964417
7149687296.00000000	-0.01031053	-0.00936670
7149689856.00000000	-0.01058942	-0.00954157
7149692416.00000000	-0.01074238	-0.00923975
7149694976.00000000	-0.01064685	-0.00919613
7149697536.00000000	-0.01065040	-0.00931362
7149699584.00000000	-0.01062275	-0.00930995
7149702144.00000000	-0.01073806	-0.00946019
7149704704.00000000	-0.01073451	-0.00922278
7149707264.00000000	-0.01062794	-0.00930292
7149709824.00000000	-0.01083906	-0.00915420
7149712384.00000000	-0.01080261	-0.00911984
7149714944.00000000	-0.01064150	-0.00921945
7149717504.00000000	-0.01091404	-0.00921706
7149720064.00000000	-0.01056946	-0.00902640
7149722112.00000000	-0.01067328	-0.00933100
7149724672.00000000	-0.01065111	-0.00939276
7149727232.00000000	-0.01083886	-0.00934807
7149729792.00000000	-0.01065638	-0.00911572
7149732352.00000000	-0.01090579	-0.00931191
7149734912.00000000	-0.01086789	-0.00909439
7149737472.00000000	-0.01089674	-0.00924527
7149740032.00000000	-0.01088439	-0.00906628
7149742080.00000000	-0.01097740	-0.00917706
7149744640.00000000	-0.01077951	-0.00898488
7149747200.00000000	-0.01082594	-0.00907866
7149749760.00000000	-0.01082907	-0.00908765
7149752320.00000000	-0.01083349	-0.00908565
7149754880.00000000	-0.01088916	-0.00883655
7149757440.00000000	-0.01085682	-0.00892552
7149760000.00000000	-0.01105947	-0.00905764
7149762560.00000000	-0.01107737	-0.00909289
7149764608.00000000	-0.01082696	-0.00878395
7149767168.00000000	-0.01101235	-0.00880278
7149769728.00000000	-0.01103003	-0.00882269
7149772288.00000000	-0.01105814	-0.00908916
7149774848.00000000	-0.01103326	-0.00885897
7149777408.00000000	-0.01092118	-0.00875188
7149779968.00000000	-0.01106138	-0.00874491
7149782528.00000000	-0.01118657	-0.00869985
7149784576.00000000	-0.01119083	-0.00877286
7149787136.00000000	-0.01099718	-0.00868374
7149789696.00000000	-0.01113936	-0.00849410
7149792256.00000000	-0.01122226	-0.00875130
7149794816.00000000	-0.01121883	-0.00863709
7149797376.00000000	-0.01105474	-0.00874542
7149799936.00000000	-0.01105563	-0.00851869
7149802496.00000000	-0.01116524	-0.00868120
7149805056.00000000	-0.01128908	-0.00869127
7149807104.00000000	-0.01113517	-0.00849133
7149809664.00000000	-0.01128606	-0.00844037
7149812224.00000000	-0.01124954	-0.00866702
7149814784.00000000	-0.01127165	-0.00854187
7149817344.00000000	-0.01124984	-0.00850824
7149819904.00000000	-0.01140254	-0.00845906
7149822464.00000000	-0.01125147	-0.00861682
7149825024.00000000	-0.01123631	-0.00857221
7149827072.00000000	-0.01134438	-0.00854748
7149829632.00000000	-0.01138046	-0.00829784
7149832192.00000000	-0.01142016	-0.00858273
7149834752.00000000	-0.01137697	-0.00834343
7149837312.00000000	-0.01136708	-0.00819545
7149839872.00000000	-0.01158629	-0.00827847
7149842432.00000000	-0.01153093	-0.00840190
7149844992.00000000	-0.01141272	-0.00836777
7149847552.00000000	-0.01145379	-0.00842340
7149849600.00000000	-0.01167451	-0.00832201
7149852160.00000000	-0.01149613	-0.00837923
7149854720.00000000	-0.01139497	-0.00832634
7149857280.00000000	-0.01141245	-0.00817227
7149859840.00000000	-0.01137540	-0.00811338
7149862400.00000000	-0.01150455	-0.00825794
7149864960.00000000	-0.01144958	-0.00828196
7149867520.00000000	-0.01153259	-0.00821489
7149869568.00000000	-0.01146436	-0.00823884
7149872128.00000000	-0.01154888	-0.00826328
7149874688.00000000	-0.01169025	-0.00809091
7149877248.00000000	-0.01137954	-0.00795859
7149879808.00000000	-0.01151887	-0.00813038
7149882368.00000000	-0.01181414	-0.00798006
7149884928.00000000	-0.01177863	-0.00792739
7149887488.00000000	-0.01161690	-0.00798723
7149890048.00000000	-0.01165372	-0.00800470
7149892096.00000000	-0.01163025	-0.00797718
7149894656.00000000	-0.01165362	-0.00786455
7149897216.00000000	-0.01154015	-0.00779116
7149899776.00000000	-0.01180953	-0.00794561
7149902336.00000000	-0.01178538	-0.00800558
7149904896.00000000	-0.01177732	-0.00784504
7149907456.00000000	-0.01185039	-0.00790820
7149910016.00000000	-0.01177826	-0.00785682
7149912064.00000000	-0.01164954	-0.00775558
7149914624.00000000	-0.01177389	-0.00770939
7149917184.00000000	-0.01174253	-0.00781867
7149919744.00000000	-0.01182455	-0.00777805
7149922304.00000000	-0.01194525	-0.00757152
7149924864.00000000	-0.01169918	-0.00776117
7149927424.00000000	-0.01189818	-0.00770456
7149929984.00000000	-0.01199179	-0.00760506
7149932544.00000000	-0.01189107	-0.00780826
7149934592.00000000	-0.01182638	-0.00763623
7149937152.00000000	-0.01198690	-0.00756483
7149939712.00000000	-0.01195881	-0.00755374
7149942272.00000000	-0.01187907	-0.00753918
7149944832.00000000	-0.01186193	-0.00764979
7149947392.00000000	-0.01194835	-0.00745763
7149949952.00000000	-0.01197227	-0.00728860
7149952512.00000000	-0.01202564	-0.00755470
7149954560.00000000	-0.01191043	-0.00739252
7149957120.00000000	-0.01186698	-0.00744108
7149959680.00000000	-0.01204680	-0.00741989
7149962240.00000000	-0.01196623	-0.00751024
7149964800.00000000	-0.01208567	-0.00728841
7149967360.00000000	-0.01206408	-0.00724994
7149969920.00000000	-0.01210608	-0.00734037
7149972480.00000000	-0.01220179	-0.00728795
7149975040.00000000	-0.01228224	-0.00729694
7149977088.00000000	-0.01192644	-0.00742948
7149979648.00000000	-0.01225476	-0.00712951
7149982208.00000000	-0.01206627	-0.00720125
7149984768.00000000	-0.01212504	-0.00703949
7149987328.00000000	-0.01212678	-0.00727034
7149989888.00000000	-0.01230756	-0.00715180
7149992448.00000000	-0.01236880	-0.00709450
7149995008.00000000	-0.01213486	-0.00703979
7149997056.00000000	-0.01223174	-0.00709747
7149999616.00000000	-0.01218641	-0.00712473
7150002176.00000000	-0.01200910	-0.00703133
7150004736.00000000	-0.01220013	-0.00695914
7150007296.00000000	-0.01234781	-0.00697970
7150009856.00000000	-0.01221525	-0.00698179
7150012416.00000000	-0.01230116	-0.00715783
7150014976.00000000	-0.01223093	-0.00682150
7150017536.00000000	-0.01225975	-0.00706221
7150019584.00000000	-0.01224452	-0.00699769
7150022144.00000000	-0.01231537	-0.00667891
7150024704.00000000	-0.01244479	-0.00683987
7150027264.00000000	-0.01245342	-0.00701899
7150029824.00000000	-0.01231374	-0.00683642
7150032384.00000000	-0.01255852	-0.00682604
7150034944.00000000	-0.01233395	-0.00660861
7150037504.00000000	-0.01239287	-0.00675557
7150039552.00000000	-0.01225135	-0.00652642
7150042112.00000000	-0.01222011	-0.00673071
7150044672.00000000	-0.01245018	-0.00675091
7150047232.00000000	-0.01232888	-0.00649826
7150049792.00000000	-0.01257385	-0.00669208
7150052352.00000000	-0.01234316	-0.00656754
7150054912.00000000	-0.01263443	-0.00651440
7150057472.00000000	-0.01259155	-0.00663983
7150060032.00000000	-0.01256734	-0.00648640
7150062080.00000000	-0.01245873	-0.00664920
7150064640.00000000	-0.01254236	-0.00657949
7150067200.00000000	-0.01255713	-0.00647261
7150069760.00000000	-0.01262858	-0.00663826
7150072320.00000000	-0.01243746	-0.00644898
7150074880.00000000	-0.01249888	-0.00630052
7150077440.00000000	-0.01249571	-0.00643492
7150080000.00000000	-0.01257627	-0.00636039
7150082048.00000000	-0.01257253	-0.00640820
7150084608.00000000	-0.01256036	-0.00626282
7150087168.00000000	-0.01251052	-0.00631371
7150089728.00000000	-0.01244470	-0.00625658
7150092288.00000000	-0.01265916	-0.00627336
7150094848.00000000	-0.01244879	-0.00617182
7150097408.00000000	-0.01274184	-0.00610089
7150099968.00000000	-0.01270955	-0.00617042
7150102528.00000000	-0.01266271	-0.00626046
7150104576.00000000	-0.01258319	-0.00625582
7150107136.00000000	-0.01256563	-0.00603227
7150109696.00000000	-0.01258498	-0.00606852
7150112256.00000000	-0.01277638	-0.00603360
7150114816.00000000	-0.01267392	-0.00606381
7150117376.00000000	-0.01268297	-0.00601339
7150119936.00000000	-0.01281743	-0.00623868
7150122496.00000000	-0.01269580	-0.00596397
7150124544.00000000	-0.01277035	-0.00589793
7150127104.00000000	-0.01268908	-0.00610460
7150129664.00000000	-0.01267746	-0.00606109
7150132224.00000000	-0.01296782	-0.00587781
7150134784.00000000	-0.01267953	-0.00588595
7150137344.00000000	-0.01293110	-0.00585931
7150139904.00000000	-0.01259946	-0.00573469
7150142464.00000000	-0.01289196	-0.00597698
7150145024.00000000	-0.01273577	-0.00586892
7150147072.00000000	-0.01281925	-0.00594024
7150149632.00000000	-0.01272049	-0.00570132
7150152192.00000000	-0.01303075	-0.00595470
7150154752.00000000	-0.01284394	-0.00580691
7150157312.00000000	-0.01288327	-0.00574366
7150159872.00000000	-0.01270029	-0.00589423
7150162432.00000000	-0.01294452	-0.00574508
7150164992.00000000	-0.01300037	-0.00577127
7150167040.00000000	-0.01293469	-0.00542070
7150169600.00000000	-0.01287385	-0.00559221
7150172160.00000000	-0.01290144	-0.00556305
7150174720.00000000	-0.01289951	-0.00547175
7150177280.00000000	-0.01293675	-0.00549530
7150179840.00000000	-0.01301101	-0.00547879
7150182400.00000000	-0.01305768	-0.00555352
7150184960.00000000	-0.01294951	-0.00541318
7150187520.00000000	-0.01287237	-0.00560407
7150189568.00000000	-0.01301656	-0.00539183
7150192128.00000000	-0.01290695	-0.00534493
7150194688.00000000	-0.01313838	-0.00519335
7150197248.00000000	-0.01281105	-0.00520298
7150199808.00000000	-0.01303980	-0.00531828
7150202368.00000000	-0.01281814	-0.00538758
7150204928.00000000	-0.01308396	-0.00527427
7150207488.00000000	-0.01316793	-0.00521204
7150209536.00000000	-0.01303187	-0.00536844
7150212096.00000000	-0.01305803	-0.00512012
7150214656.00000000	-0.01309560	-0.00521287
7150217216.00000000	-0.01295973	-0.00513025
7150219776.00000000	-0.01331250	-0.00507982
7150222336.00000000	-0.01304509	-0.00510780
7150224896.00000000	-0.01299190	-0.00510705
7150227456.00000000	-0.01321637	-0.00471859
7150230016.00000000	-0.01305075	-0.00494102
7150232064.00000000	-0.01307803	-0.00503663
7150234624.00000000	-0.01322595	-0.00501064
7150237184.00000000	-0.01321691	-0.00480467
7150239744.00000000	-0.01311043	-0.00496502
7150242304.00000000	-0.01312350	-0.00505078
7150244864.00000000	-0.01312150	-0.00497904
7150247424.00000000	-0.01308544	-0.00471171
7150249984.00000000	-0.01318955	-0.00490225
7150252032.00000000	-0.01312588	-0.00493410
7150254592.00000000	-0.01325269	-0.00487885
7150257152.00000000	-0.01329715	-0.00473011
7150259712.00000000	-0.01323868	-0.00476059
7150262272.00000000	-0.01319513	-0.00462895
7150264832.00000000	-0.01311316	-0.00474683
7150267392.00000000	-0.01330702	-0.00455187
7150269952.00000000	-0.01315112	-0.00458373
7150272512.00000000	-0.01343081	-0.00483815
7150274560.00000000	-0.01326438	-0.00448533
7150277120.00000000	-0.01315768	-0.00459339
7150279680.00000000	-0.01324644	-0.00473729
7150282240.00000000	-0.01307481	-0.00447896
7150284800.00000000	-0.01336353	-0.00452741
7150287360.00000000	-0.01308100	-0.00459235
7150289920.00000000	-0.01329847	-0.00443761
7150292480.00000000	-0.01313889	-0.00450273
7150294528.00000000	-0.01322177	-0.00431013
7150297088.00000000	-0.01317617	-0.00436461
7150299648.00000000	-0.01338066	-0.00418899
7150302208.00000000	-0.01335139	-0.00442050
7150304768.00000000	-0.01333045	-0.00444670
7150307328.00000000	-0.01325334	-0.00423856
7150309888.00000000	-0.01326825	-0.00431548
7150312448.00000000	-0.01325087	-0.00428596
7150315008.00000000	-0.01327595	-0.00421495
7150317056.00000000	-0.01334984	-0.00417732
7150319616.00000000	-0.01344616	-0.00390768
7150322176.00000000	-0.01337530	-0.00419476
7150324736.00000000	-0.01323693	-0.00403401
7150327296.00000000	-0.01336035	-0.00412534
7150329856.00000000	-0.01346789	-0.00417010
7150332416.00000000	-0.01332893	-0.00403795
7150334976.00000000	-0.01359346	-0.00407165
7150337024.00000000	-0.01331120	-0.00392812
7150339584.00000000	-0.01319211	-0.00391070
7150342144.00000000	-0.01331220	-0.00401987
7150344704.00000000	-0.01349799	-0.00381140
7150347264.00000000	-0.01343285	-0.00394669
7150349824.00000000	-0.01333489	-0.00380774
7150352384.00000000	-0.01357982	-0.00387344
7150354944.00000000	-0.01337996	-0.00373772
7150357504.00000000	-0.01370081	-0.00387544
7150359552.00000000	-0.01344137	-0.00372161
7150362112.00000000	-0.01343874	-0.00393932
7150364672.00000000	-0.01337254	-0.00388107
7150367232.00000000	-0.01362721	-0.00377371
7150369792.00000000	-0.01356910	-0.00347817
7150372352.00000000	-0.01343854	-0.00358402
7150374912.00000000	-0.01349784	-0.00370899
7150377472.00000000	-0.01347697	-0.00343847
7150379520.00000000	-0.01355278	-0.00348744
7150382080.00000000	-0.01357762	-0.00348482
7150384640.00000000	-0.01371052	-0.00343008
7150387200.00000000	-0.01330150	-0.00367157
7150389760.00000000	-0.01331239	-0.00349952
7150392320.00000000	-0.01348406	-0.00343332
7150394880.00000000	-0.01363810	-0.00355775
7150397440.00000000	-0.01347301	-0.00338384
7150400000.00000000	-0.01336968	-0.00344302
7150402048.00000000	-0.01356461	-0.00329103
7150404608.00000000	-0.01351798	-0.00335853
7150407168.00000000	-0.01343205	-0.00332903
7150409728.00000000	-0.01358846	-0.00312722
7150412288.00000000	-0.01335998	-0.00332135
7150414848.00000000	-0.01354500	-0.00299168
7150417408.00000000	-0.01346979	-0.00322236
7150419968.00000000	-0.01361864	-0.00320307
7150422016.00000000	-0.01378012	-0.00281672
7150424576.00000000	-0.01362016	-0.00315433
7150427136.00000000	-0.01360264	-0.00312808
7150429696.00000000	-0.01365697	-0.00311230
7150432256.00000000	-0.01343147	-0.00308312
7150434816.00000000	-0.01349378	-0.00305782
7150437376.00000000	-0.01373586	-0.00299161
7150439936.00000000	-0.01364541	-0.00288082
7150442496.00000000	-0.01363284	-0.00289830
7150444544.00000000	-0.01344284	-0.00288223
7150447104.00000000	-0.01366629	-0.00293931
7150449664.00000000	-0.01370062	-0.00278436
7150452224.00000000	-0.01343769	-0.00282206
7150454784.00000000	-0.01351201	-0.00283713
7150457344.00000000	-0.01359015	-0.00283519
7150459904.00000000	-0.01360821	-0.00255023
7150462464.00000000	-0.01358257	-0.00276103
7150464512.00000000	-0.01358578	-0.00261415
7150467072.00000000	-0.01377852	-0.00278110
7150469632.00000000	-0.01345552	-0.00251474
7150472192.00000000	-0.01350007	-0.00271244
7150474752.00000000	-0.01379980	-0.00277684
7150477312.00000000	-0.01353793	-0.00254304
7150479872.00000000	-0.01354674	-0.00269807
7150482432.00000000	-0.01360126	-0.00255924
7150484992.00000000	-0.01376925	-0.00259489
7150487040.00000000	-0.01361440	-0.00226767
7150489600.00000000	-0.01362349	-0.00246900
7150492160.00000000	-0.01350412	-0.00258922
7150494720.00000000	-0.01358667	-0.00243340
7150497280.00000000	-0.01361566	-0.00236705
7150499840.00000000	-0.01363738	-0.00223197
7150502400.00000000	-0.01368016	-0.00233566
7150504960.00000000	-0.01360640	-0.00219051
7150507008.00000000	-0.01361818	-0.00222971
7150509568.00000000	-0.01381801	-0.00210913
7150512128.00000000	-0.01360099	-0.00218460
7150514688.00000000	-0.01370636	-0.00208103
7150517248.00000000	-0.01361093	-0.00223321
7150519808.00000000	-0.01386928	-0.00213337
7150522368.00000000	-0.01348536	-0.00199807
7150524928.00000000	-0.01373990	-0.00205915
7150527488.00000000	-0.01361938	-0.00203282
7150529536.00000000	-0.01360356	-0.00186153
7150532096.00000000	-0.01348053	-0.00201110
7150534656.00000000	-0.01358340	-0.00207824
7150537216.00000000	-0.01375036	-0.00207551
7150539776.00000000	-0.01379295	-0.00183982
7150542336.00000000	-0.01364790	-0.00187468
7150544896.00000000	-0.01356766	-0.00171900
7150547456.00000000	-0.01368246	-0.00174307
7150549504.00000000	-0.01360233	-0.00187293
7150552064.00000000	-0.01358596	-0.00190960
7150554624.00000000	-0.01383914	-0.00196050
7150557184.00000000	-0.01355157	-0.00161919
7150559744.00000000	-0.01361538	-0.00160833
7150562304.00000000	-0.01369765	-0.00151550
7150564864.00000000	-0.01374803	-0.00159576
7150567424.00000000	-0.01355285	-0.00158668
7150569984.00000000	-0.01359783	-0.00165624
7150572032.00000000	-0.01368154	-0.00168142
7150574592.00000000	-0.01376340	-0.00175643
7150577152.00000000	-0.01356866	-0.00160673
7150579712.00000000	-0.01354828	-0.00160150
7150582272.00000000	-0.01366207	-0.00162054
7150584832.00000000	-0.01363400	-0.00168328
7150587392.00000000	-0.01369558	-0.00144461
7150589952.00000000	-0.01373763	-0.00130365
7150592000.00000000	-0.01374936	-0.00142560
7150594560.00000000	-0.01394640	-0.00140032
7150597120.00000000	-0.01376772	-0.00148281
7150599680.00000000	-0.01367562	-0.00113677
7150602240.00000000	-0.01361457	-0.00122002
7150604800.00000000	-0.01375397	-0.00127463
7150607360.00000000	-0.01350782	-0.00102904
7150609920.00000000	-0.01360711	-0.00124158
7150612480.00000000	-0.01363930	-0.00114049
7150614528.00000000	-0.01353938	-0.00133305
7150617088.00000000	-0.01360698	-0.00103755
7150619648.00000000	-0.01352985	-0.00111347
7150622208.00000000	-0.01366267	-0.00110464
7150624768.00000000	-0.01343494	-0.00091492
7150627328.00000000	-0.01355712	-0.00106282
7150629888.00000000	-0.01367409	-0.00089619
7150632448.00000000	-0.01366251	-0.00100648
7150634496.00000000	-0.01353847	-0.00095576
7150637056.00000000	-0.01361770	-0.00083584
7150639616.00000000	-0.01335425	-0.00098112
7150642176.00000000	-0.01358880	-0.00101346
7150644736.00000000	-0.01353589	-0.00102283
7150647296.00000000	-0.01357792	-0.00078201
7150649856.00000000	-0.01354417	-0.00076287
7150652416.00000000	-0.01347574	-0.00068624
7150654976.00000000	-0.01366398	-0.00090596
7150657024.00000000	-0.01361710	-0.00061332
7150659584.00000000	-0.01357201	-0.00082311
7150662144.00000000	-0.01366557	-0.00075484
7150664704.00000000	-0.01352719	-0.00047083
7150667264.00000000	-0.01376624	-0.00051727
7150669824.00000000	-0.01364023	-0.00062313
7150672384.00000000	-0.01348127	-0.00045908
7150674944.00000000	-0.01344196	-0.00040785
7150676992.00000000	-0.01345136	-0.00054361
7150679552.00000000	-0.01345563	-0.00034487
7150682112.00000000	-0.01342064	-0.00045729
7150684672.00000000	-0.01344307	-0.00049157
7150687232.00000000	-0.01357488	-0.00048280
7150689792.00000000	-0.01347967	-0.00058173
7150692352.00000000	-0.01352778	-0.00037397
7150694912.00000000	-0.01332154	-0.00027749
7150697472.00000000	-0.01333109	-0.00014836
7150699520.00000000	-0.01337645	-0.00011976
7150702080.00000000	-0.01344031	-0.00034647
7150704640.00000000	-0.01338119	-0.00010870
7150707200.00000000	-0.01328995	-0.00020737
7150709760.00000000	-0.01334694	-0.00001398
7150712320.00000000	-0.01344565	-0.00012326
7150714880.00000000	-0.01348359	0.00011737
7150717440.00000000	-0.01338513	0.00006413
7150719488.00000000	-0.01332192	0.00025136
7150722048.00000000	-0.01332263	-0.00003571
7150724608.00000000	-0.01335386	0.00016175
7150727168.00000000	-0.01339774	-0.00000295
7150729728.00000000	-0.01306136	0.00023924
7150732288.00000000	-0.01348232	0.00006560
7150734848.00000000	-0.01346853	0.00014342
7150737408.00000000	-0.01351935	0.00032073
7150739968.00000000	-0.01324726	0.00028859
7150742016.00000000	-0.01326292	0.00029562
7150744576.00000000	-0.01321245	0.00028156
7150747136.00000000	-0.01315387	0.00013452
7150749696.00000000	-0.01331073	0.00047809
7150752256.00000000	-0.01303431	0.00038841
7150754816.00000000	-0.01309063	0.00050117
7150757376.00000000	-0.01317394	0.00038766
7150759936.00000000	-0.01319620	0.00047350
7150761984.00000000	-0.01310242	0.00035719
7150764544.00000000	-0.01322525	0.00041820
7150767104.00000000	-0.01297415	0.00050326
7150769664.00000000	-0.01304226	0.00024284
7150772224.00000000	-0.01299177	0.00060495
7150774784.00000000	-0.01295269	0.00065575
7150777344.00000000	-0.01314702	0.00065950
7150779904.00000000	-0.01305646	0.00066895
7150782464.00000000	-0.01283493	0.00067894
7150784512.00000000	-0.01292056	0.00069842
7150787072.00000000	-0.01302417	0.00072574
7150789632.00000000	-0.01296747	0.00070361
7150792192.00000000	-0.01308690	0.00097144
7150794752.00000000	-0.01298239	0.00078465
7150797312.00000000	-0.01291874	0.00080504
7150799872.00000000	-0.01297106	0.00083755
7150802432.00000000	-0.01290466	0.00084325
7150804480.00000000	-0.01262349	0.00089125
7150807040.00000000	-0.01280140	0.00090756
7150809600.00000000	-0.01283858	0.00089192
7150812160.00000000	-0.01285329	0.00100513
7150814720.00000000	-0.01271646	0.00107546
7150817280.00000000	-0.01279748	0.00095465
7150819840.00000000	-0.01261697	0.00090136
7150822400.00000000	-0.01288439	0.00098697
7150824960.00000000	-0.01263078	0.00088421
7150827008.00000000	-0.01287026	0.00113568
7150829568.00000000	-0.01262156	0.00116214
7150832128.00000000	-0.01290416	0.00093470
7150834688.00000000	-0.01258066	0.00115586
7150837248.00000000	-0.01242865	0.00109972
7150839808.00000000	-0.01263223	0.00115773
7150842368.00000000	-0.01248147	0.00110670
7150844928.00000000	-0.01249518	0.00122677
7150846976.00000000	-0.01249639	0.00120383
7150849536.00000000	-0.01228292	0.00138194
7150852096.00000000	-0.01254100	0.00151854
7150854656.00000000	-0.01225352	0.00138911
7150857216.00000000	-0.01239684	0.00152389
7150859776.00000000	-0.01226527	0.00139014
7150862336.00000000	-0.01272993	0.00141833
7150864896.00000000	-0.01233651	0.00141841
7150867456.00000000	-0.01262425	0.00137413
7150869504.00000000	-0.01271013	0.00140871
7150872064.00000000	-0.01253849	0.00147641
7150874624.00000000	-0.01240254	0.00145620
7150877184.00000000	-0.01222905	0.00148326
7150879744.00000000	-0.01216470	0.00137435
7150882304.00000000	-0.01202605	0.00135152
7150884864.00000000	-0.01210997	0.00161331
7150887424.00000000	-0.01215267	0.00161367
7150889472.00000000	-0.01215136	0.00146879
7150892032.00000000	-0.01188595	0.00142290
7150894592.00000000	-0.01201333	0.00135208
7150897152.00000000	-0.01207808	0.00156943
7150899712.00000000	-0.01214619	0.00139039
7150902272.00000000	-0.01185622	0.00168428
7150904832.00000000	-0.01207786	0.00152929
7150907392.00000000	-0.01193471	0.00152573
7150909952.00000000	-0.01163723	0.00163250
7150912000.00000000	-0.01177483	0.00161908
7150914560.00000000	-0.01176324	0.00167491
7150917120.00000000	-0.01192942	0.00156363
7150919680.00000000	-0.01189084	0.00167583
7150922240.00000000	-0.01206583	0.00159867
7150924800.00000000	-0.01218819	0.00170017
7150927360.00000000	-0.01192999	0.00192455
7150929920.00000000	-0.01212364	0.00176966
7150931968.00000000	-0.01205994	0.00157704
7150934528.00000000	-0.01208890	0.00174701
7150937088.00000000	-0.01185761	0.00166203
7150939648.00000000	-0.01180579	0.00194479
7150942208.00000000	-0.01174779	0.00168886
7150944768.00000000	-0.01187612	0.00180078
7150947328.00000000	-0.01194778	0.00166710
7150949888.00000000	-0.01190028	0.00184293
7150952448.00000000	-0.01160877	0.00171307
7150954496.00000000	-0.01155137	0.00159122
7150957056.00000000	-0.01146110	0.00166388
7150959616.00000000	-0.01150319	0.00157957
7150962176.00000000	-0.01146348	0.00151626
7150964736.00000000	-0.01165940	0.00143738
7150967296.00000000	-0.01175807	0.00145121
7150969856.00000000	-0.01154573	0.00147040
7150972416.00000000	-0.01132237	0.00126144
7150974976.00000000	-0.01138731	0.00154349
7150977024.00000000	-0.01123354	0.00125126
7150979584.00000000	-0.01128911	0.00178408
7150982144.00000000	-0.01156618	0.00203920
7150984704.00000000	-0.01166930	0.00212295
7150987264.00000000	-0.01145166	0.00191597
7150989824.00000000	-0.01151081	0.00200007
7150992384.00000000	-0.01127010	0.00194001
7150994944.00000000	-0.01118690	0.00212607
7150996992.00000000	-0.01144867	0.00216033
7150999552.00000000	-0.01131989	0.00214586
7151002112.00000000	-0.01143705	0.00213574
7151004672.00000000	-0.01139075	0.00210362
7151007232.00000000	-0.01131958	0.00202064
7151009792.00000000	-0.01134524	0.00209074
7151012352.00000000	-0.01129700	0.00189716
7151014912.00000000	-0.01142665	0.00223343
7151017472.00000000	-0.01152837	0.00189245
7151019520.00000000	-0.01127327	0.00192768
7151022080.00000000	-0.01123176	0.00202489
7151024640.00000000	-0.01109802	0.00189608
7151027200.00000000	-0.01111299	0.00189160
7151029760.00000000	-0.01102523	0.00181017
7151032320.00000000	-0.01112100	0.00195819
7151034880.00000000	-0.01102533	0.00182529
7151037440.00000000	-0.01103900	0.00195659
7151039488.00000000	-0.01107503	0.00186981
7151042048.00000000	-0.01081149	0.00160966
7151044608.00000000	-0.01134126	0.00169102
7151047168.00000000	-0.01086199	0.00161679
7151049728.00000000	-0.01087294	0.00182146
7151052288.00000000	-0.01129994	0.00195673
7151054848.00000000	-0.01110181	0.00197075
7151057408.00000000	-0.01130948	0.00214273
7151059968.00000000	-0.01116949	0.00153531
7151062016.00000000	-0.01104554	0.00179484
7151064576.00000000	-0.01105697	0.00166303
7151067136.00000000	-0.01094706	0.00147860
7151069696.00000000	-0.01104989	0.00179567
7151072256.00000000	-0.01100791	0.00149718
7151074816.00000000	-0.01102778	0.00195806
7151077376.00000000	-0.01090883	0.00174993
7151079936.00000000	-0.01095845	0.00143730
7151081984.00000000	-0.01113871	0.00144746
7151084544.00000000	-0.01080749	0.00157831
7151087104.00000000	-0.01057378	0.00186905
7151089664.00000000	-0.01082926	0.00146165
7151092224.00000000	-0.01091090	0.00181690
7151094784.00000000	-0.01114028	0.00172735
7151097344.00000000	-0.01094386	0.00165249
7151099904.00000000	-0.01086461	0.00126628
7151102464.00000000	-0.01084376	0.00143951
7151104512.00000000	-0.01092988	0.00149858
7151107072.00000000	-0.01078607	0.00167016
7151109632.00000000	-0.01056775	0.00136089
7151112192.00000000	-0.01078350	0.00153476
7151114752.00000000	-0.01086852	0.00152997
7151117312.00000000	-0.01069261	0.00150741
7151119872.00000000	-0.01092809	0.00122652
7151122432.00000000	-0.01065225	0.00144109
7151124480.00000000	-0.01076699	0.00108472
7151127040.00000000	-0.01086494	0.00128745
7151129600.00000000	-0.01090932	0.00122604
7151132160.00000000	-0.01101702	0.00111828
7151134720.00000000	-0.01108131	0.00121810
7151137280.00000000	-0.01083544	0.00123588
7151139840.00000000	-0.01105179	0.00143271
7151142400.00000000	-0.01092143	0.00141058
7151144960.00000000	-0.01095619	0.00128880
7151147008.00000000	-0.01102939	0.00143325
7151149568.00000000	-0.01112039	0.00139753
7151152128.00000000	-0.01113889	0.00102838
7151154688.00000000	-0.01104499	0.00098496
7151157248.00000000	-0.01132019	0.00107394
7151159808.00000000	-0.01126994	0.00111673
7151162368.00000000	-0.01109196	0.00138523
7151164928.00000000	-0.01123088	0.00108811
7151166976.00000000	-0.01100547	0.00117745
7151169536.00000000	-0.01090212	0.00135372
7151172096.00000000	-0.01119817	0.00134630
7151174656.00000000	-0.01121798	0.00131368
7151177216.00000000	-0.01144196	0.00132482
7151179776.00000000	-0.01122768	0.00113984
7151182336.00000000	-0.01123336	0.00110887
7151184896.00000000	-0.01117904	0.00119667
7151187456.00000000	-0.01133243	0.00133935
7151189504.00000000	-0.01136982	0.00113627
7151192064.00000000	-0.01138873	0.00142233
7151194624.00000000	-0.01135691	0.00121987
7151197184.00000000	-0.01128997	0.00118252
7151199744.00000000	-0.01146375	0.00101152
7151202304.00000000	-0.01152069	0.00125064
7151204864.00000000	-0.01147772	0.00098720
7151207424.00000000	-0.01156342	0.00095666
7151209472.00000000	-0.01174209	0.00116650
7151212032.00000000	-0.01152743	0.00116035
7151214592.00000000	-0.01156736	0.00133018
7151217152.00000000	-0.01181927	0.00112037
7151219712.00000000	-0.01166726	0.00132466
7151222272.00000000	-0.01158198	0.00103018
7151224832.00000000	-0.01173759	0.00104619
7151227392.00000000	-0.01172837	0.00115345
7151229952.00000000	-0.01178731	0.00130024
7151232000.00000000	-0.01183501	0.00108833
7151234560.00000000	-0.01182855	0.00120776
7151237120.00000000	-0.01181340	0.00117255
7151239680.00000000	-0.01186582	0.00110520
7151242240.00000000	-0.01209594	0.00109896
7151244800.00000000	-0.01153794	0.00093231
7151247360.00000000	-0.01170927	0.00111715
7151249920.00000000	-0.01172856	0.00106826
7151252480.00000000	-0.01142766	0.00121852
7151254528.00000000	-0.01156310	0.00133287
7151257088.00000000	-0.01192702	0.00114705
7151259648.00000000	-0.01203201	0.00123043
7151262208.00000000	-0.01157888	0.00139324
7151264768.00000000	-0.01164332	0.00131135
7151267328.00000000	-0.01178695	0.00140589
7151269888.00000000	-0.01161582	0.00149943
7151272448.00000000	-0.01187975	0.00142493
7151274496.00000000	-0.01175453	0.00156050
7151277056.00000000	-0.01188193	0.00166636
7151279616.00000000	-0.01187066	0.00146254
7151282176.00000000	-0.01157557	0.00144160
7151284736.00000000	-0.01198388	0.00150419
7151287296.00000000	-0.01169840	0.00150023
7151289856.00000000	-0.01175456	0.00162995
7151292416.00000000	-0.01193801	0.00163447
7151294976.00000000	-0.01188897	0.00136517
7151297024.00000000	-0.01208710	0.00143683
7151299584.00000000	-0.01225824	0.00174976
7151302144.00000000	-0.01198562	0.00171811
7151304704.00000000	-0.01225524	0.00141240
7151307264.00000000	-0.01238315	0.00151450
7151309824.00000000	-0.01181422	0.00168883
7151312384.00000000	-0.01184500	0.00143616
7151314944.00000000	-0.01217096	0.00176857
7151316992.00000000	-0.01215845	0.00174941
7151319552.00000000	-0.01225892	0.00164418
7151322112.00000000	-0.01229033	0.00191213
7151324672.00000000	-0.01213395	0.00171977
7151327232.00000000	-0.01226822	0.00180748
7151329792.00000000	-0.01213539	0.00165307
7151332352.00000000	-0.01219821	0.00184776
7151334912.00000000	-0.01219492	0.00180243
7151337472.00000000	-0.01228560	0.00177522
7151339520.00000000	-0.01228993	0.00178288
7151342080.00000000	-0.01260439	0.00201595
7151344640.00000000	-0.01259270	0.00198228
7151347200.00000000	-0.01264413	0.00212169
7151349760.00000000	-0.01232959	0.00184349
7151352320.00000000	-0.01241947	0.00184015
7151354880.00000000	-0.01261633	0.00213277
7151357440.00000000	-0.01251297	0.00224431
7151359488.00000000	-0.01247140	0.00218458
7151362048.00000000	-0.01253104	0.00224866
7151364608.00000000	-0.01257092	0.00208231
7151367168.00000000	-0.01272682	0.00205851
7151369728.00000000	-0.01279684	0.00245400
7151372288.00000000	-0.01267202	0.00246383
7151374848.00000000	-0.01270471	0.00250174
7151377408.00000000	-0.01292455	0.00221314
7151379968.00000000	-0.01279663	0.00258749
7151382016.00000000	-0.01287584	0.00259773
7151384576.00000000	-0.01259086	0.00232071
7151387136.00000000	-0.01269468	0.00247893
7151389696.00000000	-0.01266724	0.00238063
7151392256.00000000	-0.01276170	0.00248376
7151394816.00000000	-0.01266320	0.00245009
7151397376.00000000	-0.01274114	0.00238983
7151399936.00000000	-0.01268035	0.00250613
7151401984.00000000	-0.01273217	0.00273193
7151404544.00000000	-0.01271573	0.00243863
7151407104.00000000	-0.01259957	0.00255460
7151409664.00000000	-0.01278578	0.00269750
7151412224.00000000	-0.01270057	0.00257703
7151414784.00000000	-0.01279772	0.00288992
7151417344.00000000	-0.01278499	0.00270214
7151419904.00000000	-0.01269043	0.00267604
7151422464.00000000	-0.01268537	0.00276968
7151424512.00000000	-0.01276967	0.00266241
7151427072.00000000	-0.01270867	0.00278153
7151429632.00000000	-0.01282245	0.00280840
7151432192.00000000	-0.01269977	0.00282751
7151434752.00000000	-0.01282510	0.00280438
7151437312.00000000	-0.01260274	0.00299734
7151439872.00000000	-0.01271729	0.00289352
7151442432.00000000	-0.01287208	0.00294051
7151444480.00000000	-0.01278391	0.00288261
7151447040.00000000	-0.01275154	0.00305657
7151449600.00000000	-0.01272310	0.00311539
7151452160.00000000	-0.01263849	0.00321565
7151454720.00000000	-0.01272688	0.00307311
7151457280.00000000	-0.01268119	0.00333490
7151459840.00000000	-0.01272165	0.00323347
7151462400.00000000	-0.01293880	0.00329551
7151464960.00000000	-0.01271553	0.00317440
7151467008.00000000	-0.01286677	0.00323107
7151469568.00000000	-0.01282474	0.00311952
7151472128.00000000	-0.01294996	0.00333266
7151474688.00000000	-0.01268087	0.00334182
7151477248.00000000	-0.01290203	0.00312418
7151479808.00000000	-0.01287370	0.00330410
7151482368.00000000	-0.01283382	0.00325711
7151484928.00000000	-0.01263615	0.00370273
7151487488.00000000	-0.01295892	0.00342463
7151489536.00000000	-0.01280883	0.00333224
7151492096.00000000	-0.01281890	0.00363212
7151494656.00000000	-0.01287475	0.00382320
7151497216.00000000	-0.01282912	0.00368340
7151499776.00000000	-0.01276615	0.00381881
7151502336.00000000	-0.01292552	0.00378159
7151504896.00000000	-0.01294731	0.00366454
7151507456.00000000	-0.01294707	0.00387777
7151509504.00000000	-0.01277527	0.00366832
7151512064.00000000	-0.01301313	0.00377873
7151514624.00000000	-0.01278511	0.00383570
7151517184.00000000	-0.01276560	0.00397871
7151519744.00000000	-0.01280608	0.00388034
7151522304.00000000	-0.01287983	0.00369372
7151524864.00000000	-0.01299267	0.00365011
7151527424.00000000	-0.01283715	0.00402870
7151529984.00000000	-0.01299180	0.00414058
7151532032.00000000	-0.01310548	0.00393926
7151534592.00000000	-0.01303487	0.00391919
7151537152.00000000	-0.01268094	0.00406024
7151539712.00000000	-0.01284549	0.00406730
7151542272.00000000	-0.01294256	0.00413898
7151544832.00000000	-0.01289703	0.00408862
7151547392.00000000	-0.01275404	0.00401010
7151549952.00000000	-0.01278160	0.00435836
7151552000.00000000	-0.01270182	0.00407870
7151554560.00000000	-0.01277768	0.00433307
7151557120.00000000	-0.01255010	0.00438283
7151559680.00000000	-0.01285215	0.00428393
7151562240.00000000	-0.01296802	0.00439669
7151564800.00000000	-0.01277805	0.00451521
7151567360.00000000	-0.01278249	0.00411919
7151569920.00000000	-0.01286261	0.00440884
7151572480.00000000	-0.01279342	0.00422918
7151574528.00000000	-0.01265132	0.00428743
7151577088.00000000	-0.01283790	0.00443801
7151579648.00000000	-0.01283415	0.00454519
7151582208.00000000	-0.01284994	0.00447415
7151584768.00000000	-0.01263007	0.00445414
7151587328.00000000	-0.01273266	0.00451391
7151589888.00000000	-0.01272929	0.00453511
7151592448.00000000	-0.01285258	0.00466630
7151594496.00000000	-0.01287403	0.00468534
7151597056.00000000	-0.01270299	0.00461294
7151599616.00000000	-0.01294867	0.00453504
7151602176.00000000	-0.01265677	0.00479585
7151604736.00000000	-0.01290448	0.00479501
7151607296.00000000	-0.01278093	0.00468627
7151609856.00000000	-0.01300981	0.00481636
7151612416.00000000	-0.01286775	0.00473196
7151614976.00000000	-0.01268906	0.00504104
7151617024.00000000	-0.01269879	0.00486754
7151619584.00000000	-0.01284306	0.00481276
7151622144.00000000	-0.01273377	0.00487730
7151624704.00000000	-0.01283498	0.00513809
7151627264.00000000	-0.01281947	0.00488218
7151629824.00000000	-0.01270477	0.00499865
7151632384.00000000	-0.01276629	0.00500431
7151634944.00000000	-0.01256892	0.00505860
7151637504.00000000	-0.01276162	0.00503734
7151639552.00000000	-0.01289115	0.00516092
7151642112.00000000	-0.01281649	0.00539119
7151644672.00000000	-0.01270268	0.00509767
7151647232.00000000	-0.01261248	0.00514768
7151649792.00000000	-0.01270950	0.00527645
7151652352.00000000	-0.01266075	0.00521340
7151654912.00000000	-0.01279523	0.00535192
7151657472.00000000	-0.01271789	0.00527731
7151659520.00000000	-0.01284343	0.00529089
7151662080.00000000	-0.01269111	0.00529501
7151664640.00000000	-0.01248060	0.00542841
7151667200.00000000	-0.01259243	0.00551043
7151669760.00000000	-0.01268376	0.00545569
7151672320.00000000	-0.01268648	0.00557973
7151674880.00000000	-0.01267553	0.00538327
7151677440.00000000	-0.01256518	0.00553087
7151680000.00000000	-0.01270125	0.00540609
7151682048.00000000	-0.01270926	0.00565981
7151684608.00000000	-0.01270845	0.00555013
7151687168.00000000	-0.01269629	0.00551692
7151689728.00000000	-0.01263920	0.00568367
7151692288.00000000	-0.01262560	0.00576775
7151694848.00000000	-0.01252380	0.00577639
7151697408.00000000	-0.01259617	0.00571956
7151699968.00000000	-0.01250837	0.00570070
7151702016.00000000	-0.01244221	0.00585203
7151704576.00000000	-0.01263103	0.00561259
7151707136.00000000	-0.01244697	0.00550603
7151709696.00000000	-0.01239499	0.00591359
7151712256.00000000	-0.01259830	0.00594120
7151714816.00000000	-0.01270187	0.00585131
7151717376.00000000	-0.01265857	0.00615329
7151719936.00000000	-0.01253588	0.00583144
7151722496.00000000	-0.01245562	0.00570135
7151724544.00000000	-0.01248777	0.00578512
7151727104.00000000	-0.01247422	0.00601625
7151729664.00000000	-0.01243680	0.00587632
7151732224.00000000	-0.01254183	0.00601706
7151734784.00000000	-0.01237815	0.00614487
7151737344.00000000	-0.01242346	0.00611484
7151739904.00000000	-0.01238249	0.00604118
7151742464.00000000	-0.01216643	0.00605925
7151744512.00000000	-0.01220536	0.00613740
7151747072.00000000	-0.01242596	0.00628803
7151749632.00000000	-0.01215231	0.00626528
7151752192.00000000	-0.01210615	0.00620243
7151754752.00000000	-0.01239001	0.00633038
7151757312.00000000	-0.01214588	0.00628137
7151759872.00000000	-0.01218085	0.00652582
7151762432.00000000	-0.01242207	0.00650930
7151764992.00000000	-0.01236676	0.00630130
7151767040.00000000	-0.01236165	0.00650666
7151769600.00000000	-0.01218589	0.00624053
7151772160.00000000	-0.01207021	0.00650430
7151774720.00000000	-0.01246424	0.00642131
7151777280.00000000	-0.01232078	0.00672102
7151779840.00000000	-0.01247248	0.00656582
7151782400.00000000	-0.01228751	0.00638213
7151784960.00000000	-0.01227278	0.00650443
7151787008.00000000	-0.01208560	0.00639706
7151789568.00000000	-0.01209937	0.00663311
7151792128.00000000	-0.01227157	0.00651938
7151794688.00000000	-0.01231349	0.00692888
7151797248.00000000	-0.01224736	0.00677043
7151799808.00000000	-0.01232052	0.00676519
7151802368.00000000	-0.01206804	0.00681095
7151804928.00000000	-0.01236725	0.00689979
7151807488.00000000	-0.01231503	0.00680638
7151809536.00000000	-0.01213994	0.00681353
7151812096.00000000	-0.01218120	0.00685956
7151814656.00000000	-0.01227865	0.00677411
7151817216.00000000	-0.01206772	0.00675158
7151819776.00000000	-0.01210871	0.00675180
7151822336.00000000	-0.01221280	0.00689548
7151824896.00000000	-0.01207585	0.00697157
7151827456.00000000	-0.01216997	0.00678332
7151830016.00000000	-0.01198785	0.00686069
7151832064.00000000	-0.01200754	0.00701281
7151834624.00000000	-0.01204882	0.00700934
7151837184.00000000	-0.01190237	0.00701482
7151839744.00000000	-0.01186583	0.00705922
7151842304.00000000	-0.01204431	0.00698757
7151844864.00000000	-0.01183426	0.00719666
7151847424.00000000	-0.01199942	0.00707579
7151849984.00000000	-0.01203284	0.00720280
7151852032.00000000	-0.01195756	0.00709329
7151854592.00000000	-0.01200554	0.00717931
7151857152.00000000	-0.01209585	0.00722930
7151859712.00000000	-0.01191553	0.00735257
7151862272.00000000	-0.01190289	0.00721761
7151864832.00000000	-0.01204365	0.00727321
7151867392.00000000	-0.01168434	0.00733774
7151869952.00000000	-0.01187055	0.00745068
7151872512.00000000	-0.01163533	0.00745405
7151874560.00000000	-0.01190417	0.00754763
7151877120.00000000	-0.01188339	0.00738826
7151879680.00000000	-0.01196054	0.00742677
7151882240.00000000	-0.01165638	0.00746493
7151884800.00000000	-0.01167640	0.00740653
7151887360.00000000	-0.01170346	0.00743851
7151889920.00000000	-0.01178920	0.00750635
7151892480.00000000	-0.01162283	0.00746149
7151894528.00000000	-0.01176149	0.00756600
7151897088.00000000	-0.01166110	0.00765702
7151899648.00000000	-0.01162750	0.00770408
7151902208.00000000	-0.01152192	0.00745957
7151904768.00000000	-0.01170833	0.00763699
7151907328.00000000	-0.01174219	0.00773039
7151909888.00000000	-0.01150597	0.00770987
7151912448.00000000	-0.01162705	0.00763792
7151915008.00000000	-0.01180286	0.00774787
7151917056.00000000	-0.01164285	0.00786907
7151919616.00000000	-0.01184925	0.00782639
7151922176.00000000	-0.01156530	0.00788703
7151924736.00000000	-0.01155581	0.00789856
7151927296.00000000	-0.01149176	0.00784902
7151929856.00000000	-0.01152950	0.00782222
7151932416.00000000	-0.01159578	0.00786981
7151934976.00000000	-0.01137513	0.00788695
7151937536.00000000	-0.01137773	0.00800431
7151939584.00000000	-0.01148361	0.00802724
7151942144.00000000	-0.01172653	0.00810351
7151944704.00000000	-0.01141993	0.00808525
7151947264.00000000	-0.01155457	0.00791208
7151949824.00000000	-0.01152056	0.00783927
7151952384.00000000	-0.01154906	0.00803198
7151954944.00000000	-0.01137154	0.00800038
7151957504.00000000	-0.01139298	0.00803391
7151959552.00000000	-0.01129214	0.00806491
7151962112.00000000	-0.01145303	0.00813395
7151964672.00000000	-0.01144386	0.00811233
7151967232.00000000	-0.01142719	0.00822468
7151969792.00000000	-0.01128175	0.00824202
7151972352.00000000	-0.01145221	0.00806705
7151974912.00000000	-0.01137656	0.00820255
7151977472.00000000	-0.01148804	0.00826739
7151980032.00000000	-0.01147058	0.00831324
7151982080.00000000	-0.01131280	0.00838673
7151984640.00000000	-0.01131130	0.00825378
7151987200.00000000	-0.01130377	0.00819771
7151989760.00000000	-0.01122382	0.00823241
7151992320.00000000	-0.01109551	0.00848661
7151994880.00000000	-0.01132879	0.00834803
7151997440.00000000	-0.01138610	0.00844350
7152000000.00000000	-0.01130643	0.00841353
7152002048.00000000	-0.01122272	0.00839620
7152004608.00000000	-0.01130629	0.00851364
7152007168.00000000	-0.01122687	0.00842036
7152009728.00000000	-0.01123366	0.00855290
7152012288.00000000	-0.01101311	0.00862151
7152014848.00000000	-0.01117772	0.00865258
7152017408.00000000	-0.01122553	0.00873004
7152019968.00000000	-0.01111956	0.00872656
7152022528.00000000	-0.01102442	0.00875670
7152024576.00000000	-0.01117348	0.00878325
7152027136.00000000	-0.01107294	0.00869277
7152029696.00000000	-0.01105301	0.00878684
7152032256.00000000	-0.01096488	0.00865790
7152034816.00000000	-0.01083114	0.00880780
7152037376.00000000	-0.01118852	0.00872078
7152039936.00000000	-0.01107797	0.00870841
7152042496.00000000	-0.01089174	0.00865376
7152044544.00000000	-0.01095098	0.00891952
7152047104.00000000	-0.01099511	0.00877821
7152049664.00000000	-0.01103865	0.00898750
7152052224.00000000	-0.01095749	0.00887871
7152054784.00000000	-0.01090802	0.00884582
7152057344.00000000	-0.01100786	0.00897800
7152059904.00000000	-0.01083867	0.00898135
7152062464.00000000	-0.01083929	0.00900562
7152065024.00000000	-0.01088152	0.00897442
7152067072.00000000	-0.01081728	0.00896311
7152069632.00000000	-0.01092737	0.00890568
7152072192.00000000	-0.01053097	0.00889819
7152074752.00000000	-0.01080736	0.00883265
7152077312.00000000	-0.01088945	0.00897879
7152079872.00000000	-0.01079878	0.00899839
7152082432.00000000	-0.01077385	0.00900645
7152084992.00000000	-0.01082817	0.00917119
7152087552.00000000	-0.01068708	0.00917630
7152089600.00000000	-0.01076685	0.00903462
7152092160.00000000	-0.01070930	0.00912992
7152094720.00000000	-0.01049910	0.00910590
7152097280.00000000	-0.01069723	0.00930855
7152099840.00000000	-0.01072438	0.00911488
7152102400.00000000	-0.01081921	0.00928919
7152104960.00000000	-0.01083032	0.00928091
7152107520.00000000	-0.01061390	0.00924395
7152109568.00000000	-0.01073646	0.00927451
7152112128.00000000	-0.01058726	0.00933683
7152114688.00000000	-0.01056866	0.00936328
7152117248.00000000	-0.01064312	0.00933527
7152119808.00000000	-0.01064465	0.00944485
7152122368.00000000	-0.01061568	0.00926067
7152124928.00000000	-0.01073533	0.00920098
7152127488.00000000	-0.01064590	0.00927249
7152130048.00000000	-0.01041739	0.00941240
7152132096.00000000	-0.01020634	0.00936110
7152134656.00000000	-0.01045786	0.00940074
7152137216.00000000	-0.01037508	0.00955921
7152139776.00000000	-0.01019074	0.00951953
7152142336.00000000	-0.01046469	0.00948138
7152144896.00000000	-0.01037571	0.00951958
7152147456.00000000	-0.01049558	0.00940581
7152150016.00000000	-0.01038106	0.00962092
7152152064.00000000	-0.01013266	0.00970717
7152154624.00000000	-0.01028798	0.00957878
7152157184.00000000	-0.01020193	0.00978346
7152159744.00000000	-0.01037461	0.00982317
7152162304.00000000	-0.01030689	0.00982733
7152164864.00000000	-0.01023092	0.00961367
7152167424.00000000	-0.01016216	0.00972095
7152169984.00000000	-0.01014751	0.00987788
7152172544.00000000	-0.01005931	0.00956963
7152174592.00000000	-0.01026109	0.00975368
7152177152.00000000	-0.01006504	0.00964340
7152179712.00000000	-0.01027270	0.01007032
7152182272.00000000	-0.01003470	0.00977494
7152184832.00000000	-0.00991337	0.00980519
7152187392.00000000	-0.00987681	0.01002424
7152189952.00000000	-0.00997321	0.00983068
7152192512.00000000	-0.00992044	0.00965157
7152195072.00000000	-0.01025978	0.00978442
7152197120.00000000	-0.01004140	0.00997498
7152199680.00000000	-0.00988496	0.00998257
7152202240.00000000	-0.01002812	0.00983349
7152204800.00000000	-0.00991839	0.00992466
7152207360.00000000	-0.01002571	0.01000685
7152209920.00000000	-0.01002939	0.00984661
7152212480.00000000	-0.01000615	0.00984451
7152215040.00000000	-0.00987442	0.01016131
7152217088.00000000	-0.00992462	0.01017077
7152219648.00000000	-0.00982717	0.00996009
7152222208.00000000	-0.01016669	0.01017646
7152224768.00000000	-0.00998342	0.00999712
7152227328.00000000	-0.01008415	0.01041245
7152229888.00000000	-0.00972486	0.00998832
7152232448.00000000	-0.00968897	0.01001165
7152235008.00000000	-0.00974401	0.01024726
7152237568.00000000	-0.00987507	0.01028655
7152239616.00000000	-0.00972072	0.01002246
7152242176.00000000	-0.00979475	0.01018037
7152244736.00000000	-0.00956807	0.01026418
7152247296.00000000	-0.00978508	0.01034903
7152249856.00000000	-0.00998530	0.01016294
7152252416.00000000	-0.00985897	0.01032799
7152254976.00000000	-0.00978309	0.01040469
7152257536.00000000	-0.00961275	0.01037560
7152259584.00000000	-0.00962144	0.01040802
7152262144.00000000	-0.00960703	0.01055021
7152264704.00000000	-0.00971912	0.01046741
7152267264.00000000	-0.00965407	0.01050128
7152269824.00000000	-0.00969868	0.01030823
7152272384.00000000	-0.00955769	0.01029562
7152274944.00000000	-0.00952775	0.01053359
7152277504.00000000	-0.00944024	0.01044784
7152280064.00000000	-0.00952203	0.01042607
7152282112.00000000	-0.00943204	0.01034180
7152284672.00000000	-0.00944847	0.01030737
7152287232.00000000	-0.00931013	0.01055583
7152289792.00000000	-0.00942940	0.01058395
7152292352.00000000	-0.00921259	0.01065408
7152294912.00000000	-0.00953890	0.01070084
7152297472.00000000	-0.00929366	0.01073550
7152300032.00000000	-0.00942811	0.01064663
7152302592.00000000	-0.00925963	0.01060624
7152304640.00000000	-0.00921724	0.01058104
7152307200.00000000	-0.00920323	0.01068255
7152309760.00000000	-0.00955672	0.01071808
7152312320.00000000	-0.00923222	0.01084851
7152314880.00000000	-0.00926390	0.01072181
7152317440.00000000	-0.00927363	0.01075750
7152320000.00000000	-0.00924345	0.01073523
7152322560.00000000	-0.00933513	0.01063075
7152324608.00000000	-0.00914510	0.01067051
7152327168.00000000	-0.00911593	0.01056947
7152329728.00000000	-0.00930427	0.01088616
7152332288.00000000	-0.00911086	0.01088328
7152334848.00000000	-0.00899052	0.01095295
7152337408.00000000	-0.00910982	0.01092150
7152339968.00000000	-0.00904892	0.01089651
7152342528.00000000	-0.00892952	0.01083889
7152345088.00000000	-0.00899757	0.01100390
7152347136.00000000	-0.00893354	0.01101743
7152349696.00000000	-0.00910180	0.01098117
7152352256.00000000	-0.00907531	0.01108376
7152354816.00000000	-0.00894343	0.01091629
7152357376.00000000	-0.00883544	0.01100806
7152359936.00000000	-0.00916246	0.01100726
7152362496.00000000	-0.00873760	0.01090886
7152365056.00000000	-0.00891715	0.01105902
7152367104.00000000	-0.00894420	0.01101577
7152369664.00000000	-0.00900894	0.01113723
7152372224.00000000	-0.00900997	0.01125728
7152374784.00000000	-0.00880759	0.01093955
7152377344.00000000	-0.00872449	0.01123048
7152379904.00000000	-0.00879108	0.01118002
7152382464.00000000	-0.00882995	0.01105269
7152385024.00000000	-0.00868467	0.01127380
7152387584.00000000	-0.00856955	0.01126299
7152389632.00000000	-0.00872274	0.01117850
7152392192.00000000	-0.00878018	0.01110453
7152394752.00000000	-0.00864735	0.01121526
7152397312.00000000	-0.00869093	0.01119722
7152399872.00000000	-0.00858954	0.01117815
7152402432.00000000	-0.00854305	0.01134291
7152404992.00000000	-0.00847121	0.01132736
7152407552.00000000	-0.00847558	0.01127524
7152410112.00000000	-0.00843662	0.01118863
7152412160.00000000	-0.00864998	0.01135380
7152414720.00000000	-0.00846769	0.01123513
7152417280.00000000	-0.00851271	0.01125770
7152419840.00000000	-0.00847196	0.01147742
7152422400.00000000	-0.00839794	0.01135555
7152424960.00000000	-0.00855814	0.01148817
7152427520.00000000	-0.00847657	0.01147043
7152430080.00000000	-0.00842310	0.01157388
7152432128.00000000	-0.00845493	0.01143738
7152434688.00000000	-0.00824302	0.01123864
7152437248.00000000	-0.00811298	0.01144051
7152439808.00000000	-0.00819976	0.01147479
7152442368.00000000	-0.00828807	0.01148183
7152444928.00000000	-0.00816617	0.01156590
7152447488.00000000	-0.00824893	0.01168626
7152450048.00000000	-0.00827022	0.01151580
7152452608.00000000	-0.00839880	0.01156598
7152454656.00000000	-0.00828494	0.01154454
7152457216.00000000	-0.00810992	0.01166760
7152459776.00000000	-0.00813864	0.01161711
7152462336.00000000	-0.00824029	0.01150370
7152464896.00000000	-0.00813801	0.01155541
7152467456.00000000	-0.00816124	0.01157787
7152470016.00000000	-0.00821821	0.01155387
7152472576.00000000	-0.00811164	0.01162812
7152474624.00000000	-0.00807650	0.01166830
7152477184.00000000	-0.00817386	0.01167315
7152479744.00000000	-0.00815165	0.01162833
7152482304.00000000	-0.00800007	0.01176930
7152484864.00000000	-0.00799931	0.01164254
7152487424.00000000	-0.00795665	0.01174892
7152489984.00000000	-0.00805885	0.01166902
7152492544.00000000	-0.00803250	0.01172580
7152495104.00000000	-0.00795069	0.01184202
7152497152.00000000	-0.00787522	0.01188359
7152499712.00000000	-0.00794307	0.01194956
7152502272.00000000	-0.00780258	0.01188189
7152504832.00000000	-0.00795142	0.01204039
7152507392.00000000	-0.00780462	0.01191363
7152509952.00000000	-0.00776430	0.01169965
7152512512.00000000	-0.00784942	0.01174709
7152515072.00000000	-0.00801975	0.01192695
7152517632.00000000	-0.00774185	0.01202289
7152519680.00000000	-0.00770046	0.01196532
7152522240.00000000	-0.00761572	0.01204737
7152524800.00000000	-0.00766010	0.01204368
7152527360.00000000	-0.00759576	0.01199666
7152529920.00000000	-0.00769402	0.01205261
7152532480.00000000	-0.00769790	0.01195030
7152535040.00000000	-0.00755499	0.01195365
7152537600.00000000	-0.00759417	0.01189645
7152539648.00000000	-0.00758774	0.01196567
7152542208.00000000	-0.00745392	0.01209501
7152544768.00000000	-0.00757101	0.01193342
7152547328.00000000	-0.00724677	0.01207773
7152549888.00000000	-0.00746300	0.01199002
7152552448.00000000	-0.00751743	0.01198789
7152555008.00000000	-0.00731149	0.01208980
7152557568.00000000	-0.00732531	0.01197963
7152560128.00000000	-0.00753951	0.01217590
7152562176.00000000	-0.00733978	0.01218100
7152564736.00000000	-0.00741058	0.01215396
7152567296.00000000	-0.00723732	0.01207893
7152569856.00000000	-0.00716360	0.01231094
7152572416.00000000	-0.00734572	0.01205668
7152574976.00000000	-0.00754099	0.01231516
7152577536.00000000	-0.00711861	0.01221456
7152580096.00000000	-0.00743971	0.01220018
7152582144.00000000	-0.00725361	0.01227044
7152584704.00000000	-0.00726029	0.01217247
7152587264.00000000	-0.00723354	0.01209081
7152589824.00000000	-0.00705665	0.01217756
7152592384.00000000	-0.00704449	0.01222146
7152594944.00000000	-0.00712910	0.01208995
7152597504.00000000	-0.00708616	0.01254637
7152600064.00000000	-0.00727571	0.01250690
7152602624.00000000	-0.00704486	0.01255182
7152604672.00000000	-0.00712605	0.01251312
7152607232.00000000	-0.00699367	0.01225312
7152609792.00000000	-0.00694681	0.01238496
7152612352.00000000	-0.00701758	0.01254837
7152614912.00000000	-0.00679511	0.01222805
7152617472.00000000	-0.00686534	0.01246366
7152620032.00000000	-0.00684068	0.01228134
7152622592.00000000	-0.00697827	0.01247841
7152625152.00000000	-0.00693216	0.01240886
7152627200.00000000	-0.00677698	0.01232159
7152629760.00000000	-0.00683725	0.01246693
7152632320.00000000	-0.00699151	0.01234290
7152634880.00000000	-0.00672947	0.01239743
7152637440.00000000	-0.00684292	0.01273766
7152640000.00000000	-0.00670829	0.01250301
7152642560.00000000	-0.00668199	0.01258407
7152645120.00000000	-0.00669135	0.01248874
7152647168.00000000	-0.00655448	0.01253334
7152649728.00000000	-0.00693345	0.01262896
7152652288.00000000	-0.00666815	0.01256894
7152654848.00000000	-0.00652124	0.01263283
7152657408.00000000	-0.00662123	0.01272830
7152659968.00000000	-0.00681112	0.01267155
7152662528.00000000	-0.00632790	0.01260851
7152665088.00000000	-0.00648044	0.01273355
7152667648.00000000	-0.00620605	0.01259450
7152669696.00000000	-0.00639731	0.01268843
7152672256.00000000	-0.00634306	0.01255423
7152674816.00000000	-0.00651423	0.01279647
7152677376.00000000	-0.00667142	0.01268681
7152679936.00000000	-0.00622676	0.01273896
7152682496.00000000	-0.00635283	0.01271985
7152685056.00000000	-0.00634926	0.01254457
7152687616.00000000	-0.00647161	0.01274544
7152690176.00000000	-0.00634003	0.01266000
7152692224.00000000	-0.00626143	0.01252005
7152694784.00000000	-0.00614030	0.01306795
7152697344.00000000	-0.00619617	0.01290725
7152699904.00000000	-0.00618572	0.01266719
7152702464.00000000	-0.00613308	0.01284635
7152705024.00000000	-0.00609645	0.01284316
7152707584.00000000	-0.00614589	0.01273675
7152710144.00000000	-0.00611128	0.01273758
7152712192.00000000	-0.00619666	0.01279514
7152714752.00000000	-0.00619181	0.01262492
7152717312.00000000	-0.00601267	0.01285716
7152719872.00000000	-0.00611862	0.01285264
7152722432.00000000	-0.00585598	0.01300669
7152724992.00000000	-0.00620223	0.01278487
7152727552.00000000	-0.00581725	0.01286143
7152730112.00000000	-0.00605229	0.01290562
7152732672.00000000	-0.00607355	0.01291208
7152734720.00000000	-0.00589206	0.01303677
7152737280.00000000	-0.00588149	0.01310918
7152739840.00000000	-0.00597124	0.01290236
7152742400.00000000	-0.00598265	0.01298051
7152744960.00000000	-0.00604356	0.01302861
7152747520.00000000	-0.00585019	0.01295540
7152750080.00000000	-0.00584811	0.01290572
7152752640.00000000	-0.00580555	0.01293973
7152754688.00000000	-0.00569227	0.01291865
7152757248.00000000	-0.00575972	0.01307188
7152759808.00000000	-0.00570340	0.01288052
7152762368.00000000	-0.00582515	0.01318945
7152764928.00000000	-0.00568929	0.01309140
7152767488.00000000	-0.00570986	0.01292026
7152770048.00000000	-0.00555872	0.01314394
7152772608.00000000	-0.00562743	0.01334396
7152775168.00000000	-0.00549456	0.01325247
7152777216.00000000	-0.00563424	0.01302440
7152779776.00000000	-0.00544472	0.01311702
7152782336.00000000	-0.00550915	0.01320116
7152784896.00000000	-0.00561024	0.01322903
7152787456.00000000	-0.00542434	0.01315827
7152790016.00000000	-0.00551818	0.01301130
7152792576.00000000	-0.00563414	0.01323725
7152795136.00000000	-0.00541722	0.01302294
7152797696.00000000	-0.00537371	0.01319608
7152799744.00000000	-0.00516034	0.01311843
7152802304.00000000	-0.00546169	0.01309426
7152804864.00000000	-0.00535133	0.01316392
7152807424.00000000	-0.00527752	0.01325054
7152809984.00000000	-0.00540146	0.01312939
7152812544.00000000	-0.00516846	0.01302108
7152815104.00000000	-0.00523737	0.01323264
7152817664.00000000	-0.00520322	0.01325712
7152819712.00000000	-0.00511770	0.01320004
7152822272.00000000	-0.00513610	0.01338177
7152824832.00000000	-0.00517207	0.01331571
7152827392.00000000	-0.00519317	0.01329484
7152829952.00000000	-0.00507968	0.01330322
7152832512.00000000	-0.00525434	0.01335126
7152835072.00000000	-0.00513313	0.01347302
7152837632.00000000	-0.00534692	0.01329134
7152840192.00000000	-0.00484869	0.01359894
7152842240.00000000	-0.00502531	0.01323579
7152844800.00000000	-0.00503526	0.01334489
7152847360.00000000	-0.00495320	0.01332313
7152849920.00000000	-0.00504442	0.01326341
7152852480.00000000	-0.00501925	0.01334833
7152855040.00000000	-0.00486303	0.01357020
7152857600.00000000	-0.00508420	0.01337388
7152860160.00000000	-0.00492389	0.01331187
7152862208.00000000	-0.00469716	0.01356062
7152864768.00000000	-0.00482695	0.01335029
7152867328.00000000	-0.00470639	0.01347918
7152869888.00000000	-0.00469280	0.01359612
7152872448.00000000	-0.00477576	0.01341455
7152875008.00000000	-0.00478800	0.01360293
7152877568.00000000	-0.00471743	0.01333091
7152880128.00000000	-0.00477220	0.01349652
7152882688.00000000	-0.00454946	0.01354392
7152884736.00000000	-0.00467573	0.01345050
7152887296.00000000	-0.00451369	0.01348890
7152889856.00000000	-0.00456006	0.01358791
7152892416.00000000	-0.00456959	0.01347973
7152894976.00000000	-0.00453499	0.01349245
7152897536.00000000	-0.00463473	0.01358381
7152900096.00000000	-0.00466255	0.01348660
7152902656.00000000	-0.00468568	0.01363103
7152905216.00000000	-0.00433355	0.01357100
7152907264.00000000	-0.00461921	0.01367767
7152909824.00000000	-0.00446346	0.01335294
7152912384.00000000	-0.00441041	0.01375040
7152914944.00000000	-0.00434092	0.01361950
7152917504.00000000	-0.00437378	0.01363324
7152920064.00000000	-0.00441856	0.01348861
7152922624.00000000	-0.00424984	0.01368944
7152925184.00000000	-0.00437499	0.01353729
7152927232.00000000	-0.00443710	0.01359821
7152929792.00000000	-0.00420996	0.01377068
7152932352.00000000	-0.00438130	0.01360429
7152934912.00000000	-0.00411220	0.01359772
7152937472.00000000	-0.00412383	0.01383878
7152940032.00000000	-0.00403507	0.01359091
7152942592.00000000	-0.00438231	0.01360359
7152945152.00000000	-0.00399657	0.01354565
7152947712.00000000	-0.00421259	0.01363599
7152949760.00000000	-0.00425806	0.01373638
7152952320.00000000	-0.00416223	0.01367001
7152954880.00000000	-0.00405809	0.01374931
7152957440.00000000	-0.00420765	0.01365153
7152960000.00000000	-0.00409023	0.01391469
7152962560.00000000	-0.00403704	0.01379214
7152965120.00000000	-0.00376616	0.01387249
7152967680.00000000	-0.00406884	0.01379723
7152970240.00000000	-0.00393776	0.01380319
7152972288.00000000	-0.00393055	0.01364163
7152974848.00000000	-0.00384324	0.01362549
7152977408.00000000	-0.00381029	0.01380936
7152979968.00000000	-0.00381693	0.01379615
7152982528.00000000	-0.00354042	0.01374339
7152985088.00000000	-0.00366724	0.01380519
7152987648.00000000	-0.00381991	0.01369682
7152990208.00000000	-0.00343246	0.01377937
7152992256.00000000	-0.00384336	0.01378257
7152994816.00000000	-0.00372691	0.01380998
7152997376.00000000	-0.00357639	0.01377074
7152999936.00000000	-0.00368364	0.01392196
