# Filename: S21_P_-50_1.dat
# Timestamp: Sun Oct 13 00:06:02 2013

# Column 1:
#	name: freq
#	size: 0
#	type: coordinate
# Column 2:
#	name: Magnitude
#	type: value
# Column 3:
#	name: Phase
#	type: value

5.467400000000e+09	-2.097894982000e+01	7.224209908510e+01
5.467406257820e+09	-2.103368602480e+01	7.279059372310e+01
5.467412515640e+09	-2.087706172450e+01	7.287144789640e+01
5.467418773470e+09	-2.079025146820e+01	7.312292990190e+01
5.467425031290e+09	-2.086702457790e+01	7.251970453240e+01
5.467431289110e+09	-2.087392154390e+01	7.308883017990e+01
5.467437546930e+09	-2.090649495250e+01	7.277082077160e+01
5.467443804760e+09	-2.083975959340e+01	7.415286631370e+01
5.467450062580e+09	-2.081885335880e+01	7.420426272920e+01
5.467456320400e+09	-2.085160729780e+01	7.295077421290e+01
5.467462578220e+09	-2.101695541180e+01	7.235340390530e+01
5.467468836050e+09	-2.075333229570e+01	7.320593909960e+01
5.467475093870e+09	-2.093958320180e+01	7.258074958190e+01
5.467481351690e+09	-2.101476162710e+01	7.290575326070e+01
5.467487609510e+09	-2.087542922270e+01	7.447022241720e+01
5.467493867330e+09	-2.084898168670e+01	7.489134982100e+01
5.467500125160e+09	-2.072344211400e+01	7.277986893360e+01
5.467506382980e+09	-2.088588074660e+01	7.172032328120e+01
5.467512640800e+09	-2.095695947920e+01	7.301551984100e+01
5.467518898620e+09	-2.087353186940e+01	7.250921158840e+01
5.467525156450e+09	-2.075263560520e+01	7.387066781020e+01
5.467531414270e+09	-2.102677510050e+01	7.228622516330e+01
5.467537672090e+09	-2.108189841010e+01	7.341205728440e+01
5.467543929910e+09	-2.089391026450e+01	7.295860413940e+01
5.467550187730e+09	-2.070709763160e+01	7.379461011720e+01
5.467556445560e+09	-2.093012881890e+01	7.233377141890e+01
5.467562703380e+09	-2.088004304460e+01	7.242906625200e+01
5.467568961200e+09	-2.086927351070e+01	7.236356523460e+01
5.467575219020e+09	-2.101659064220e+01	7.312802547010e+01
5.467581476850e+09	-2.087492876670e+01	7.230175481220e+01
5.467587734670e+09	-2.089501291950e+01	7.323285737120e+01
5.467593992490e+09	-2.119594434700e+01	7.280551584720e+01
5.467600250310e+09	-2.107721455120e+01	7.346423971130e+01
5.467606508140e+09	-2.083519948820e+01	7.205767992950e+01
5.467612765960e+09	-2.098597231000e+01	7.245957945250e+01
5.467619023780e+09	-2.107821447150e+01	7.359010532870e+01
5.467625281600e+09	-2.069272352440e+01	7.184197356090e+01
5.467631539420e+09	-2.087104036220e+01	7.469486112640e+01
5.467637797250e+09	-2.081776114050e+01	7.336601747940e+01
5.467644055070e+09	-2.088623418480e+01	7.227435425090e+01
5.467650312890e+09	-2.088955345940e+01	7.401940746240e+01
5.467656570710e+09	-2.108446083550e+01	7.244210996610e+01
5.467662828540e+09	-2.082491695630e+01	7.236802562800e+01
5.467669086360e+09	-2.088505322860e+01	7.378485396290e+01
5.467675344180e+09	-2.099635026040e+01	7.359282551280e+01
5.467681602000e+09	-2.087766292020e+01	7.208408046370e+01
5.467687859820e+09	-2.101670386530e+01	7.354640589470e+01
5.467694117650e+09	-2.064608327660e+01	7.320594442620e+01
5.467700375470e+09	-2.073171305610e+01	7.200731106330e+01
5.467706633290e+09	-2.096917362350e+01	7.232981059580e+01
5.467712891110e+09	-2.082640452170e+01	7.399069704110e+01
5.467719148940e+09	-2.088200214860e+01	7.190934261490e+01
5.467725406760e+09	-2.112879053250e+01	7.335205079790e+01
5.467731664580e+09	-2.091056550680e+01	7.340835481410e+01
5.467737922400e+09	-2.100260683310e+01	7.268829443310e+01
5.467744180230e+09	-2.088688237910e+01	7.279298501280e+01
5.467750438050e+09	-2.081062485300e+01	7.254090959140e+01
5.467756695870e+09	-2.102069700950e+01	7.285041386840e+01
5.467762953690e+09	-2.094978257790e+01	7.212416663930e+01
5.467769211510e+09	-2.100287796660e+01	7.283041200850e+01
5.467775469340e+09	-2.103011263620e+01	7.253924632120e+01
5.467781727160e+09	-2.072963853490e+01	7.350534554970e+01
5.467787984980e+09	-2.098329673770e+01	7.409073575670e+01
5.467794242800e+09	-2.090394430510e+01	7.262217544240e+01
5.467800500630e+09	-2.096149899460e+01	7.120679492280e+01
5.467806758450e+09	-2.120193198830e+01	7.322333084060e+01
5.467813016270e+09	-2.094968084890e+01	7.294234500600e+01
5.467819274090e+09	-2.078104604060e+01	7.268845318020e+01
5.467825531910e+09	-2.073582391240e+01	7.332197048010e+01
5.467831789740e+09	-2.095535589560e+01	7.342024073660e+01
5.467838047560e+09	-2.091824324600e+01	7.222536170180e+01
5.467844305380e+09	-2.098397903680e+01	7.452531971120e+01
5.467850563200e+09	-2.089931866830e+01	7.183073754380e+01
5.467856821030e+09	-2.097622975780e+01	7.162061020650e+01
5.467863078850e+09	-2.084671886050e+01	7.193418174050e+01
5.467869336670e+09	-2.066201549990e+01	7.331411555660e+01
5.467875594490e+09	-2.086646065020e+01	7.304132403360e+01
5.467881852320e+09	-2.092178587840e+01	7.119057189500e+01
5.467888110140e+09	-2.082434394290e+01	7.172414224140e+01
5.467894367960e+09	-2.076430074140e+01	7.304456253470e+01
5.467900625780e+09	-2.082787118410e+01	7.200907851210e+01
5.467906883600e+09	-2.099566388110e+01	7.192603047670e+01
5.467913141430e+09	-2.121661782470e+01	7.226809242150e+01
5.467919399250e+09	-2.099875943660e+01	7.267918587250e+01
5.467925657070e+09	-2.094050830080e+01	7.305651768740e+01
5.467931914890e+09	-2.094932128070e+01	7.325678531980e+01
5.467938172720e+09	-2.084567814870e+01	7.221181220290e+01
5.467944430540e+09	-2.073661291790e+01	7.346091873970e+01
5.467950688360e+09	-2.089234400040e+01	7.316389116730e+01
5.467956946180e+09	-2.092502206340e+01	7.297516064310e+01
5.467963204010e+09	-2.085715999580e+01	7.139690257760e+01
5.467969461830e+09	-2.093354889720e+01	7.236957342220e+01
5.467975719650e+09	-2.078831808810e+01	7.334938173080e+01
5.467981977470e+09	-2.071879692290e+01	7.305927999690e+01
5.467988235290e+09	-2.081294614700e+01	7.286972037790e+01
5.467994493120e+09	-2.086721434120e+01	7.261048218090e+01
5.468000750940e+09	-2.091633214550e+01	7.137776320240e+01
5.468007008760e+09	-2.079362721990e+01	7.230458110330e+01
5.468013266580e+09	-2.101579189470e+01	7.354078325880e+01
5.468019524410e+09	-2.083071052280e+01	7.147042252290e+01
5.468025782230e+09	-2.094008654660e+01	7.295003139870e+01
5.468032040050e+09	-2.092218960340e+01	7.195369645230e+01
5.468038297870e+09	-2.099084525850e+01	7.239377829560e+01
5.468044555690e+09	-2.069727036810e+01	7.335853742470e+01
5.468050813520e+09	-2.088284184890e+01	7.219740628500e+01
5.468057071340e+09	-2.094585989220e+01	7.238559695900e+01
5.468063329160e+09	-2.080574621700e+01	7.252198538330e+01
5.468069586980e+09	-2.082577522480e+01	7.154486516240e+01
5.468075844810e+09	-2.064771917840e+01	7.229337040720e+01
5.468082102630e+09	-2.101738809750e+01	7.306967772460e+01
5.468088360450e+09	-2.102710456200e+01	7.245077642190e+01
5.468094618270e+09	-2.078327774480e+01	7.259964937490e+01
5.468100876100e+09	-2.102904516460e+01	7.230182392010e+01
5.468107133920e+09	-2.100584999330e+01	7.250568870060e+01
5.468113391740e+09	-2.093634579340e+01	7.218608543680e+01
5.468119649560e+09	-2.094257649150e+01	7.244305302880e+01
5.468125907380e+09	-2.085643711110e+01	7.251581445150e+01
5.468132165210e+09	-2.096347852560e+01	7.227824134080e+01
5.468138423030e+09	-2.097653319030e+01	7.210999077510e+01
5.468144680850e+09	-2.093846773520e+01	7.309803477800e+01
5.468150938670e+09	-2.122313394850e+01	7.224601688610e+01
5.468157196500e+09	-2.088321461330e+01	7.224355665110e+01
5.468163454320e+09	-2.086661872730e+01	7.207685639600e+01
5.468169712140e+09	-2.115184463300e+01	7.243625520470e+01
5.468175969960e+09	-2.102882531780e+01	7.375406603210e+01
5.468182227780e+09	-2.095175888830e+01	7.125273989550e+01
5.468188485610e+09	-2.105234516470e+01	7.136131510180e+01
5.468194743430e+09	-2.092633373790e+01	7.176740167570e+01
5.468201001250e+09	-2.088866104250e+01	7.196585129820e+01
5.468207259070e+09	-2.074806471460e+01	7.263649335300e+01
5.468213516900e+09	-2.087704719980e+01	7.363070049760e+01
5.468219774720e+09	-2.081336091100e+01	7.171768001280e+01
5.468226032540e+09	-2.082977550990e+01	7.123630783550e+01
5.468232290360e+09	-2.080194378450e+01	7.271425339680e+01
5.468238548190e+09	-2.075810612800e+01	7.216080174430e+01
5.468244806010e+09	-2.099885561700e+01	7.204450062040e+01
5.468251063830e+09	-2.091235410580e+01	7.230120199360e+01
5.468257321650e+09	-2.093833612780e+01	7.077213499110e+01
5.468263579470e+09	-2.085317931990e+01	7.275044338440e+01
5.468269837300e+09	-2.080645366260e+01	7.265768695060e+01
5.468276095120e+09	-2.095618240000e+01	7.310231657930e+01
5.468282352940e+09	-2.108263679210e+01	7.259044477910e+01
5.468288610760e+09	-2.080913334940e+01	7.235666557110e+01
5.468294868590e+09	-2.086124013230e+01	7.128999782330e+01
5.468301126410e+09	-2.089317530030e+01	7.209967060110e+01
5.468307384230e+09	-2.093212545930e+01	7.329696606960e+01
5.468313642050e+09	-2.106375674070e+01	7.175626771010e+01
5.468319899870e+09	-2.092142058750e+01	7.138992469210e+01
5.468326157700e+09	-2.093333474090e+01	7.190744148370e+01
5.468332415520e+09	-2.097751716270e+01	7.212138914020e+01
5.468338673340e+09	-2.084696736100e+01	7.129945569630e+01
5.468344931160e+09	-2.094321075910e+01	7.347099412980e+01
5.468351188990e+09	-2.083925688140e+01	7.206905858020e+01
5.468357446810e+09	-2.090435476800e+01	7.254528422950e+01
5.468363704630e+09	-2.092560531750e+01	7.206198551760e+01
5.468369962450e+09	-2.092985456770e+01	7.205056424650e+01
5.468376220280e+09	-2.087492545740e+01	7.168146896780e+01
5.468382478100e+09	-2.084489833720e+01	7.273488920610e+01
5.468388735920e+09	-2.085528011750e+01	7.223241187460e+01
5.468394993740e+09	-2.106282228650e+01	7.165116640390e+01
5.468401251560e+09	-2.094036284080e+01	7.195028657360e+01
5.468407509390e+09	-2.097674504490e+01	7.206146116870e+01
5.468413767210e+09	-2.092133262530e+01	7.229702524350e+01
5.468420025030e+09	-2.101153435250e+01	7.216543465370e+01
5.468426282850e+09	-2.088255581240e+01	7.214467164340e+01
5.468432540680e+09	-2.080415576780e+01	7.196887896400e+01
5.468438798500e+09	-2.088353914250e+01	7.179181646040e+01
5.468445056320e+09	-2.115198860020e+01	7.199502838560e+01
5.468451314140e+09	-2.106078399340e+01	7.204341548460e+01
5.468457571960e+09	-2.083475623170e+01	7.297481367710e+01
5.468463829790e+09	-2.097825191760e+01	7.255676130350e+01
5.468470087610e+09	-2.096835747270e+01	7.059846656350e+01
5.468476345430e+09	-2.077117388060e+01	7.322971760990e+01
5.468482603250e+09	-2.110724095130e+01	7.042955721350e+01
5.468488861080e+09	-2.084584352810e+01	7.000038936660e+01
5.468495118900e+09	-2.108515765490e+01	7.183605684320e+01
5.468501376720e+09	-2.078198329940e+01	7.213907031550e+01
5.468507634540e+09	-2.104483531280e+01	7.213814223020e+01
5.468513892370e+09	-2.107932090000e+01	7.266488837320e+01
5.468520150190e+09	-2.088509506240e+01	7.246288718970e+01
5.468526408010e+09	-2.088882419470e+01	7.098306661930e+01
5.468532665830e+09	-2.087987711830e+01	7.188760269580e+01
5.468538923650e+09	-2.098758180060e+01	7.220024902140e+01
5.468545181480e+09	-2.087241101480e+01	7.255384059740e+01
5.468551439300e+09	-2.085598951790e+01	7.282590215750e+01
5.468557697120e+09	-2.099811604080e+01	7.118505246830e+01
5.468563954940e+09	-2.097553817960e+01	7.147456230120e+01
5.468570212770e+09	-2.089703805120e+01	7.132746703000e+01
5.468576470590e+09	-2.074084035080e+01	7.213583489860e+01
5.468582728410e+09	-2.084848888370e+01	7.238986944400e+01
5.468588986230e+09	-2.094809581670e+01	7.112652535450e+01
5.468595244060e+09	-2.107910392990e+01	7.152233428830e+01
5.468601501880e+09	-2.105168184990e+01	7.086115953950e+01
5.468607759700e+09	-2.108232564550e+01	7.184190702560e+01
5.468614017520e+09	-2.104983451420e+01	6.952731479670e+01
5.468620275340e+09	-2.098732558010e+01	7.117799885240e+01
5.468626533170e+09	-2.098016753710e+01	7.148585608590e+01
5.468632790990e+09	-2.108893146690e+01	7.150292902330e+01
5.468639048810e+09	-2.095830100430e+01	7.114893268900e+01
5.468645306630e+09	-2.102917420200e+01	7.104570278330e+01
5.468651564460e+09	-2.091764736960e+01	6.939551221160e+01
5.468657822280e+09	-2.091887821810e+01	7.069682477990e+01
5.468664080100e+09	-2.088960259180e+01	7.191675457880e+01
5.468670337920e+09	-2.117091883450e+01	7.146387847520e+01
5.468676595740e+09	-2.082267899840e+01	7.078341252820e+01
5.468682853570e+09	-2.104493034810e+01	7.018458495610e+01
5.468689111390e+09	-2.085240791370e+01	7.099133980080e+01
5.468695369210e+09	-2.078763401260e+01	7.098451684380e+01
5.468701627030e+09	-2.104380434640e+01	7.066070985880e+01
5.468707884860e+09	-2.101156732330e+01	7.104814181010e+01
5.468714142680e+09	-2.099059966750e+01	7.086573248840e+01
5.468720400500e+09	-2.095181408210e+01	7.115786591390e+01
5.468726658320e+09	-2.095236489040e+01	7.087797766260e+01
5.468732916150e+09	-2.099788685010e+01	6.958445657630e+01
5.468739173970e+09	-2.097125341760e+01	7.101095595940e+01
5.468745431790e+09	-2.095034050590e+01	7.083652154520e+01
5.468751689610e+09	-2.091844115280e+01	7.039674918830e+01
5.468757947430e+09	-2.106203052320e+01	7.023022792380e+01
5.468764205260e+09	-2.089899394680e+01	7.163497938990e+01
5.468770463080e+09	-2.096588005480e+01	7.144695672480e+01
5.468776720900e+09	-2.095262604020e+01	7.000043789950e+01
5.468782978720e+09	-2.109225861060e+01	7.020192996050e+01
5.468789236550e+09	-2.119858648880e+01	7.151061782010e+01
5.468795494370e+09	-2.097868309330e+01	6.989192280680e+01
5.468801752190e+09	-2.098159667530e+01	7.054087673390e+01
5.468808010010e+09	-2.096625728910e+01	7.125721195350e+01
5.468814267830e+09	-2.094967606930e+01	7.048564362520e+01
5.468820525660e+09	-2.116587705970e+01	7.124567621900e+01
5.468826783480e+09	-2.096435171650e+01	7.246082832920e+01
5.468833041300e+09	-2.095855963420e+01	7.077341135340e+01
5.468839299120e+09	-2.094370129240e+01	7.130249530540e+01
5.468845556950e+09	-2.099048048570e+01	6.970258096600e+01
5.468851814770e+09	-2.098516495010e+01	7.097982675820e+01
5.468858072590e+09	-2.106193833810e+01	7.072060374000e+01
5.468864330410e+09	-2.094977506890e+01	7.184035720700e+01
5.468870588240e+09	-2.092320396030e+01	7.012863240420e+01
5.468876846060e+09	-2.089528504750e+01	7.014327308760e+01
5.468883103880e+09	-2.089357003700e+01	6.943331829320e+01
5.468889361700e+09	-2.100717212750e+01	7.102253940590e+01
5.468895619520e+09	-2.078651097580e+01	7.039188578320e+01
5.468901877350e+09	-2.102960700990e+01	7.018359790080e+01
5.468908135170e+09	-2.102645646810e+01	7.088740120530e+01
5.468914392990e+09	-2.093788646030e+01	7.051157979120e+01
5.468920650810e+09	-2.097121914440e+01	7.001594336220e+01
5.468926908640e+09	-2.120774186950e+01	7.068017368480e+01
5.468933166460e+09	-2.114192414630e+01	6.980465279110e+01
5.468939424280e+09	-2.101011899770e+01	6.908642603830e+01
5.468945682100e+09	-2.108620893880e+01	7.055598170050e+01
5.468951939920e+09	-2.105481974590e+01	6.962480833580e+01
5.468958197750e+09	-2.090339324830e+01	7.039648282160e+01
5.468964455570e+09	-2.085160843270e+01	7.132060895240e+01
5.468970713390e+09	-2.124182685940e+01	7.056357391920e+01
5.468976971210e+09	-2.092567538430e+01	7.040823626020e+01
5.468983229040e+09	-2.085989193340e+01	7.022944186720e+01
5.468989486860e+09	-2.104644848850e+01	7.079487960160e+01
5.468995744680e+09	-2.083521573380e+01	7.067503237900e+01
5.469002002500e+09	-2.112248081530e+01	7.055931998570e+01
5.469008260330e+09	-2.100313371830e+01	6.986242368400e+01
5.469014518150e+09	-2.099468560380e+01	7.078219453420e+01
5.469020775970e+09	-2.104386181410e+01	7.071135771800e+01
5.469027033790e+09	-2.101166216500e+01	6.939558274640e+01
5.469033291610e+09	-2.126611847080e+01	7.118783426160e+01
5.469039549440e+09	-2.117245156240e+01	6.955971150070e+01
5.469045807260e+09	-2.104133459870e+01	6.981121344860e+01
5.469052065080e+09	-2.119415349490e+01	6.927129971810e+01
5.469058322900e+09	-2.108004170490e+01	6.993597968820e+01
5.469064580730e+09	-2.119865709520e+01	7.033749703010e+01
5.469070838550e+09	-2.098718188310e+01	6.884028100910e+01
5.469077096370e+09	-2.103001421350e+01	6.990954348390e+01
5.469083354190e+09	-2.107407128640e+01	7.014078134660e+01
5.469089612020e+09	-2.095158129610e+01	6.932512800150e+01
5.469095869840e+09	-2.095086107840e+01	6.874575224540e+01
5.469102127660e+09	-2.107424598780e+01	6.969891400680e+01
5.469108385480e+09	-2.125978731520e+01	6.844888618510e+01
5.469114643300e+09	-2.098620350490e+01	7.002113778460e+01
5.469120901130e+09	-2.116926817700e+01	6.916218214970e+01
5.469127158950e+09	-2.119461165640e+01	6.917110143000e+01
5.469133416770e+09	-2.096401718680e+01	6.912266461750e+01
5.469139674590e+09	-2.104634392420e+01	6.900919762570e+01
5.469145932420e+09	-2.119058395860e+01	6.874647827220e+01
5.469152190240e+09	-2.114576909230e+01	6.902600634470e+01
5.469158448060e+09	-2.104978406360e+01	6.958713686710e+01
5.469164705880e+09	-2.126943282690e+01	6.957205982600e+01
5.469170963700e+09	-2.100240769730e+01	6.746799659640e+01
5.469177221530e+09	-2.118584174190e+01	6.778459375400e+01
5.469183479350e+09	-2.112455282690e+01	6.973702506400e+01
5.469189737170e+09	-2.097648752610e+01	6.837824295890e+01
5.469195994990e+09	-2.108000850400e+01	6.951921558750e+01
5.469202252820e+09	-2.119605196670e+01	6.843849084500e+01
5.469208510640e+09	-2.114331300800e+01	6.908374521600e+01
5.469214768460e+09	-2.125304316840e+01	6.894285023450e+01
5.469221026280e+09	-2.092979070150e+01	6.959161033240e+01
5.469227284110e+09	-2.111848813000e+01	6.958023574230e+01
5.469233541930e+09	-2.119709493850e+01	6.924835762780e+01
5.469239799750e+09	-2.111412514730e+01	6.850713943610e+01
5.469246057570e+09	-2.113693097290e+01	6.906411398680e+01
5.469252315390e+09	-2.121033291660e+01	6.845835230700e+01
5.469258573220e+09	-2.126765876880e+01	7.055682840950e+01
5.469264831040e+09	-2.123994463500e+01	6.839628574440e+01
5.469271088860e+09	-2.125433300550e+01	6.871372638700e+01
5.469277346680e+09	-2.117864502250e+01	6.751804205910e+01
5.469283604510e+09	-2.122829222590e+01	6.835024300110e+01
5.469289862330e+09	-2.121217012660e+01	6.882472385790e+01
5.469296120150e+09	-2.109476003060e+01	6.884275734920e+01
5.469302377970e+09	-2.140495513290e+01	6.864775162890e+01
5.469308635790e+09	-2.118134089000e+01	6.887104025140e+01
5.469314893620e+09	-2.138191443790e+01	6.858242698530e+01
5.469321151440e+09	-2.128833538130e+01	7.001249676240e+01
5.469327409260e+09	-2.124355458600e+01	6.842466907650e+01
5.469333667080e+09	-2.136475023450e+01	6.730918034110e+01
5.469339924910e+09	-2.117339285030e+01	6.964921569520e+01
5.469346182730e+09	-2.142867828570e+01	6.779046004330e+01
5.469352440550e+09	-2.137122176790e+01	6.955752386650e+01
5.469358698370e+09	-2.135130513890e+01	6.718524352190e+01
5.469364956200e+09	-2.140313166990e+01	6.751265586630e+01
5.469371214020e+09	-2.138572635160e+01	6.887875354660e+01
5.469377471840e+09	-2.125637059250e+01	6.774587503170e+01
5.469383729660e+09	-2.133048026540e+01	6.747194515300e+01
5.469389987480e+09	-2.132744948950e+01	6.822385412850e+01
5.469396245310e+09	-2.124505368530e+01	6.890661910460e+01
5.469402503130e+09	-2.124257040100e+01	6.696148469980e+01
5.469408760950e+09	-2.114147395440e+01	6.743438074830e+01
5.469415018770e+09	-2.130544480080e+01	6.777686801560e+01
5.469421276600e+09	-2.155262368390e+01	6.790256607550e+01
5.469427534420e+09	-2.137312371500e+01	6.872456300470e+01
5.469433792240e+09	-2.142122687750e+01	6.739156770020e+01
5.469440050060e+09	-2.134883866420e+01	6.845366811850e+01
5.469446307880e+09	-2.161897931340e+01	6.834596451620e+01
5.469452565710e+09	-2.143870469450e+01	6.788750496590e+01
5.469458823530e+09	-2.140633929010e+01	6.790277745040e+01
5.469465081350e+09	-2.143278583170e+01	6.757126819740e+01
5.469471339170e+09	-2.145020273720e+01	6.771172753440e+01
5.469477597000e+09	-2.170141668020e+01	6.830971072050e+01
5.469483854820e+09	-2.144781266410e+01	6.837240474310e+01
5.469490112640e+09	-2.174483823110e+01	6.778036289560e+01
5.469496370460e+09	-2.145222810770e+01	6.762681466160e+01
5.469502628290e+09	-2.164525911890e+01	6.659477612910e+01
5.469508886110e+09	-2.145433578510e+01	6.628820521760e+01
5.469515143930e+09	-2.155547382380e+01	6.622472109480e+01
5.469521401750e+09	-2.150462580040e+01	6.659028128000e+01
5.469527659570e+09	-2.178831992740e+01	6.583568980430e+01
5.469533917400e+09	-2.198413028600e+01	6.614027544220e+01
5.469540175220e+09	-2.164562591990e+01	6.619310513790e+01
5.469546433040e+09	-2.155034502370e+01	6.594053264270e+01
5.469552690860e+09	-2.174100005900e+01	6.699447437520e+01
5.469558948690e+09	-2.167561104790e+01	6.707953200690e+01
5.469565206510e+09	-2.172352597570e+01	6.676321069600e+01
5.469571464330e+09	-2.199979658010e+01	6.636197428770e+01
5.469577722150e+09	-2.168907390390e+01	6.653157398840e+01
5.469583979970e+09	-2.152245410990e+01	6.595047177120e+01
5.469590237800e+09	-2.172740033740e+01	6.640260068350e+01
5.469596495620e+09	-2.202354559540e+01	6.722866065870e+01
5.469602753440e+09	-2.192751135400e+01	6.685961676580e+01
5.469609011260e+09	-2.197513712980e+01	6.638606297420e+01
5.469615269090e+09	-2.187500778260e+01	6.774521454590e+01
5.469621526910e+09	-2.208950703600e+01	6.551209564790e+01
5.469627784730e+09	-2.201931514910e+01	6.599352213830e+01
5.469634042550e+09	-2.197607504190e+01	6.604309484700e+01
5.469640300380e+09	-2.199138787790e+01	6.709579404960e+01
5.469646558200e+09	-2.208085812330e+01	6.544599803600e+01
5.469652816020e+09	-2.215944043200e+01	6.653566976600e+01
5.469659073840e+09	-2.206922400070e+01	6.533941058450e+01
5.469665331660e+09	-2.201222038300e+01	6.638053979770e+01
5.469671589490e+09	-2.209087840650e+01	6.637842071080e+01
5.469677847310e+09	-2.188467866130e+01	6.736875717000e+01
5.469684105130e+09	-2.207883314230e+01	6.786189328890e+01
5.469690362950e+09	-2.209210980330e+01	6.628463851120e+01
5.469696620780e+09	-2.210385241220e+01	6.612276842400e+01
5.469702878600e+09	-2.233012351170e+01	6.548233024530e+01
5.469709136420e+09	-2.242495985220e+01	6.672778633380e+01
5.469715394240e+09	-2.221144181980e+01	6.641822327490e+01
5.469721652070e+09	-2.232533704410e+01	6.635630904440e+01
5.469727909890e+09	-2.218146848890e+01	6.741397431310e+01
5.469734167710e+09	-2.251114630010e+01	6.580395772500e+01
5.469740425530e+09	-2.240690357500e+01	6.703714076910e+01
5.469746683350e+09	-2.253457667750e+01	6.695911820350e+01
5.469752941180e+09	-2.248800504350e+01	6.697156119940e+01
5.469759199000e+09	-2.246317102360e+01	6.821203258260e+01
5.469765456820e+09	-2.256338640190e+01	6.790381504250e+01
5.469771714640e+09	-2.269796730620e+01	6.597254305830e+01
5.469777972470e+09	-2.283178735090e+01	6.804781719160e+01
5.469784230290e+09	-2.280981989940e+01	6.767132276450e+01
5.469790488110e+09	-2.265202753060e+01	6.907502724180e+01
5.469796745930e+09	-2.291027089880e+01	6.753790053610e+01
5.469803003750e+09	-2.271700967470e+01	6.701260624660e+01
5.469809261580e+09	-2.283385868700e+01	6.822439311640e+01
5.469815519400e+09	-2.297300441450e+01	6.612177566130e+01
5.469821777220e+09	-2.277553441590e+01	6.964222916030e+01
5.469828035040e+09	-2.306573076730e+01	7.090445222770e+01
5.469834292870e+09	-2.291784257090e+01	6.960054149620e+01
5.469840550690e+09	-2.322706163000e+01	7.088471700190e+01
5.469846808510e+09	-2.286511517000e+01	7.098904038450e+01
5.469853066330e+09	-2.292291985790e+01	7.046896237360e+01
5.469859324160e+09	-2.307220244290e+01	7.188486459880e+01
5.469865581980e+09	-2.334110313590e+01	6.954495472230e+01
5.469871839800e+09	-2.346641187820e+01	7.208432356020e+01
5.469878097620e+09	-2.304946428330e+01	7.159444537070e+01
5.469884355440e+09	-2.317700439070e+01	7.103509245960e+01
5.469890613270e+09	-2.300044683660e+01	7.213263253250e+01
5.469896871090e+09	-2.314356113140e+01	7.288761388720e+01
5.469903128910e+09	-2.313013140640e+01	7.259586952930e+01
5.469909386730e+09	-2.297152896490e+01	7.426133165080e+01
5.469915644560e+09	-2.303937939040e+01	7.335656856210e+01
5.469921902380e+09	-2.304294781210e+01	7.573621005910e+01
5.469928160200e+09	-2.302009195880e+01	7.369441253960e+01
5.469934418020e+09	-2.318883084920e+01	7.405885639450e+01
5.469940675840e+09	-2.320456454390e+01	7.568138282910e+01
5.469946933670e+09	-2.317338197010e+01	7.517333426170e+01
5.469953191490e+09	-2.316613474780e+01	7.404346041120e+01
5.469959449310e+09	-2.297702649380e+01	7.464336504400e+01
5.469965707130e+09	-2.310425475430e+01	7.679909924440e+01
5.469971964960e+09	-2.294194898060e+01	7.764162023960e+01
5.469978222780e+09	-2.297120694570e+01	7.749798553660e+01
5.469984480600e+09	-2.322406558880e+01	7.549165690500e+01
5.469990738420e+09	-2.296210634950e+01	7.760620942980e+01
5.469996996250e+09	-2.274807305320e+01	7.699570460600e+01
5.470003254070e+09	-2.296891643430e+01	7.644503123970e+01
5.470009511890e+09	-2.283604652760e+01	7.729107025500e+01
5.470015769710e+09	-2.295993896350e+01	7.676316982500e+01
5.470022027530e+09	-2.281658324190e+01	7.748399269930e+01
5.470028285360e+09	-2.298065504500e+01	7.783907253070e+01
5.470034543180e+09	-2.281528543070e+01	7.740250684020e+01
5.470040801000e+09	-2.266386918120e+01	7.880080515280e+01
5.470047058820e+09	-2.275179839300e+01	7.899284914300e+01
5.470053316650e+09	-2.269065369600e+01	7.764561507170e+01
5.470059574470e+09	-2.275697609430e+01	7.901845497700e+01
5.470065832290e+09	-2.275798882770e+01	7.919367586550e+01
5.470072090110e+09	-2.277877581400e+01	7.876691930360e+01
5.470078347930e+09	-2.275998361510e+01	7.819817011620e+01
5.470084605760e+09	-2.262715479110e+01	7.898625356920e+01
5.470090863580e+09	-2.252595664980e+01	7.857816366040e+01
5.470097121400e+09	-2.254959766830e+01	8.005320971660e+01
5.470103379220e+09	-2.235930019840e+01	8.011825471670e+01
5.470109637050e+09	-2.253940200350e+01	7.867259529880e+01
5.470115894870e+09	-2.226253774820e+01	7.972233006340e+01
5.470122152690e+09	-2.244730246870e+01	7.848448868110e+01
5.470128410510e+09	-2.228360147110e+01	7.966720896210e+01
5.470134668340e+09	-2.234127595580e+01	8.032760186940e+01
5.470140926160e+09	-2.233127555340e+01	8.110321466750e+01
5.470147183980e+09	-2.242063607090e+01	8.053404883660e+01
5.470153441800e+09	-2.216602847330e+01	7.907495773540e+01
5.470159699620e+09	-2.239392325810e+01	8.077239732250e+01
5.470165957450e+09	-2.234851593870e+01	8.123840304170e+01
5.470172215270e+09	-2.213999778680e+01	7.945879036640e+01
5.470178473090e+09	-2.218706905210e+01	8.094526717410e+01
5.470184730910e+09	-2.210172357310e+01	8.094234650810e+01
5.470190988740e+09	-2.221816483840e+01	7.940022280590e+01
5.470197246560e+09	-2.179451590060e+01	8.098204965090e+01
5.470203504380e+09	-2.218529995780e+01	8.013727584480e+01
5.470209762200e+09	-2.193547538180e+01	8.198232618970e+01
5.470216020030e+09	-2.198334178460e+01	8.123412134190e+01
5.470222277850e+09	-2.213768468320e+01	8.023368428490e+01
5.470228535670e+09	-2.195934073870e+01	8.105585042830e+01
5.470234793490e+09	-2.180674812080e+01	8.056823862250e+01
5.470241051310e+09	-2.188369032310e+01	8.155546053070e+01
5.470247309140e+09	-2.220464348260e+01	7.989825907940e+01
5.470253566960e+09	-2.195173029080e+01	8.199596030530e+01
5.470259824780e+09	-2.195126297490e+01	8.140942902430e+01
5.470266082600e+09	-2.212059905630e+01	8.063639741360e+01
5.470272340430e+09	-2.191502807350e+01	8.022890644250e+01
5.470278598250e+09	-2.202235042530e+01	7.931477931330e+01
5.470284856070e+09	-2.192152553670e+01	8.071495914190e+01
5.470291113890e+09	-2.179366130620e+01	8.006700803360e+01
5.470297371710e+09	-2.168558592310e+01	8.056473406170e+01
5.470303629540e+09	-2.186945766840e+01	7.918573155190e+01
5.470309887360e+09	-2.191209445320e+01	7.986125993590e+01
5.470316145180e+09	-2.162378402410e+01	8.087432574630e+01
5.470322403000e+09	-2.169831996890e+01	8.024106737180e+01
5.470328660830e+09	-2.170692516460e+01	7.964957654280e+01
5.470334918650e+09	-2.191736089130e+01	8.072348077870e+01
5.470341176470e+09	-2.169020646660e+01	8.002201539400e+01
5.470347434290e+09	-2.175907259880e+01	8.080334274280e+01
5.470353692120e+09	-2.177503040540e+01	8.013500965090e+01
5.470359949940e+09	-2.170454046730e+01	8.197996978760e+01
5.470366207760e+09	-2.173208850290e+01	8.122981274690e+01
5.470372465580e+09	-2.157044809220e+01	8.107325613700e+01
5.470378723400e+09	-2.158791082250e+01	8.114365405890e+01
5.470384981230e+09	-2.163031515930e+01	8.055863182810e+01
5.470391239050e+09	-2.186988898100e+01	8.038307195730e+01
5.470397496870e+09	-2.174197958580e+01	8.056477069950e+01
5.470403754690e+09	-2.142721104730e+01	7.976146577070e+01
5.470410012520e+09	-2.156058764200e+01	7.999643596310e+01
5.470416270340e+09	-2.166877326870e+01	8.037998138040e+01
5.470422528160e+09	-2.159389221060e+01	8.034276103810e+01
5.470428785980e+09	-2.147509956410e+01	8.025874266610e+01
5.470435043800e+09	-2.150266014170e+01	8.091317987800e+01
5.470441301630e+09	-2.138294163390e+01	7.926745715020e+01
5.470447559450e+09	-2.163569389060e+01	7.879891497920e+01
5.470453817270e+09	-2.134155360540e+01	7.957190504670e+01
5.470460075090e+09	-2.136580807480e+01	7.985229483020e+01
5.470466332920e+09	-2.149946304460e+01	7.975956969330e+01
5.470472590740e+09	-2.134579737800e+01	7.960434216070e+01
5.470478848560e+09	-2.139537599380e+01	7.951911887250e+01
5.470485106380e+09	-2.134870507360e+01	7.955679591570e+01
5.470491364210e+09	-2.136108996380e+01	8.000562075920e+01
5.470497622030e+09	-2.146882700840e+01	8.049962937350e+01
5.470503879850e+09	-2.149026956800e+01	7.933592259350e+01
5.470510137670e+09	-2.136346067810e+01	8.004933955320e+01
5.470516395490e+09	-2.134683970520e+01	7.984388138800e+01
5.470522653320e+09	-2.154131173980e+01	7.810998298500e+01
5.470528911140e+09	-2.134950370120e+01	7.962480764760e+01
5.470535168960e+09	-2.146209310470e+01	7.992897587960e+01
5.470541426780e+09	-2.123877952980e+01	7.933097852490e+01
5.470547684610e+09	-2.148586125360e+01	7.905144052840e+01
5.470553942430e+09	-2.134067161610e+01	7.953714633170e+01
5.470560200250e+09	-2.138751348420e+01	7.935779947440e+01
5.470566458070e+09	-2.145888233840e+01	7.969492917400e+01
5.470572715890e+09	-2.160380715620e+01	7.944983545390e+01
5.470578973720e+09	-2.142105489450e+01	8.036219068420e+01
5.470585231540e+09	-2.156206199840e+01	7.981813202290e+01
5.470591489360e+09	-2.119125943380e+01	8.032195167980e+01
5.470597747180e+09	-2.149935547690e+01	7.931127434590e+01
5.470604005010e+09	-2.123983569240e+01	7.873015298820e+01
5.470610262830e+09	-2.132393946410e+01	7.775453678020e+01
5.470616520650e+09	-2.146204745740e+01	7.872631905940e+01
5.470622778470e+09	-2.144353124580e+01	8.070558125830e+01
5.470629036300e+09	-2.134987972620e+01	7.893093670200e+01
5.470635294120e+09	-2.133599336440e+01	7.930638726890e+01
5.470641551940e+09	-2.139380416260e+01	7.859818406200e+01
5.470647809760e+09	-2.117856890170e+01	7.861712569350e+01
5.470654067580e+09	-2.134182038050e+01	7.835185128300e+01
5.470660325410e+09	-2.141578466370e+01	8.060626471410e+01
5.470666583230e+09	-2.143290407410e+01	7.937799267980e+01
5.470672841050e+09	-2.142083612130e+01	8.058549456410e+01
5.470679098870e+09	-2.133459110290e+01	7.847922803570e+01
5.470685356700e+09	-2.112746628420e+01	7.905362041530e+01
5.470691614520e+09	-2.120437987140e+01	7.951993421480e+01
5.470697872340e+09	-2.147284539620e+01	7.938085710840e+01
5.470704130160e+09	-2.131971726850e+01	7.789464463680e+01
5.470710387980e+09	-2.116802512010e+01	7.908742382880e+01
5.470716645810e+09	-2.121991116010e+01	7.900855669170e+01
5.470722903630e+09	-2.107240983070e+01	8.008402906450e+01
5.470729161450e+09	-2.130475419830e+01	7.983746422550e+01
5.470735419270e+09	-2.131481433410e+01	7.770076283970e+01
5.470741677100e+09	-2.133532904800e+01	7.978477845000e+01
5.470747934920e+09	-2.117916313500e+01	7.795087575190e+01
5.470754192740e+09	-2.127708001110e+01	7.863291481360e+01
5.470760450560e+09	-2.121794280950e+01	7.728196675160e+01
5.470766708390e+09	-2.129251381130e+01	7.892962229820e+01
5.470772966210e+09	-2.123105497380e+01	7.768728425790e+01
5.470779224030e+09	-2.102642505970e+01	7.906236428040e+01
5.470785481850e+09	-2.118648573560e+01	7.900064840400e+01
5.470791739670e+09	-2.120509447180e+01	7.854567570430e+01
5.470797997500e+09	-2.111438758040e+01	7.830031111110e+01
5.470804255320e+09	-2.114784255830e+01	8.042876230210e+01
5.470810513140e+09	-2.133691931830e+01	7.902830387790e+01
5.470816770960e+09	-2.132891607910e+01	7.767656741660e+01
5.470823028790e+09	-2.125222387400e+01	7.800185762980e+01
5.470829286610e+09	-2.125908620740e+01	7.787522807100e+01
5.470835544430e+09	-2.111272309470e+01	7.784128941270e+01
5.470841802250e+09	-2.114806464030e+01	7.787172172560e+01
5.470848060080e+09	-2.136741835570e+01	7.861456529970e+01
5.470854317900e+09	-2.109556302480e+01	7.947808098710e+01
5.470860575720e+09	-2.108163401550e+01	7.912388549060e+01
5.470866833540e+09	-2.086645204920e+01	7.812785166600e+01
5.470873091360e+09	-2.133222395690e+01	7.693765986150e+01
5.470879349190e+09	-2.112268070610e+01	7.863516506250e+01
5.470885607010e+09	-2.123457292170e+01	7.923277169190e+01
5.470891864830e+09	-2.117607526960e+01	7.893627468970e+01
5.470898122650e+09	-2.132548179480e+01	7.808344695840e+01
5.470904380480e+09	-2.112739338070e+01	7.967174070720e+01
5.470910638300e+09	-2.100061239470e+01	7.911045435220e+01
5.470916896120e+09	-2.139726301630e+01	7.996078286920e+01
5.470923153940e+09	-2.105576480760e+01	7.919402256810e+01
5.470929411760e+09	-2.149036739810e+01	7.835143442970e+01
5.470935669590e+09	-2.125834625170e+01	7.837035360120e+01
5.470941927410e+09	-2.095750697310e+01	7.775836149430e+01
5.470948185230e+09	-2.103500328690e+01	7.863048245030e+01
5.470954443050e+09	-2.092970829670e+01	7.767136985240e+01
5.470960700880e+09	-2.122480051090e+01	7.791643585800e+01
5.470966958700e+09	-2.115720709870e+01	7.939966981490e+01
5.470973216520e+09	-2.098825228100e+01	7.856215523690e+01
5.470979474340e+09	-2.119539548030e+01	7.868783230870e+01
5.470985732170e+09	-2.118093822670e+01	7.756016595720e+01
5.470991989990e+09	-2.108400074880e+01	7.726472219820e+01
5.470998247810e+09	-2.091233109500e+01	7.741621909960e+01
5.471004505630e+09	-2.097320733020e+01	7.878629513500e+01
5.471010763450e+09	-2.112304602200e+01	7.750593017430e+01
5.471017021280e+09	-2.093000942320e+01	7.784225311790e+01
5.471023279100e+09	-2.089713637040e+01	7.724947115880e+01
5.471029536920e+09	-2.101712783760e+01	7.699666440860e+01
5.471035794740e+09	-2.131324675610e+01	7.759415106880e+01
5.471042052570e+09	-2.098699747990e+01	7.942758600360e+01
5.471048310390e+09	-2.110861137430e+01	7.729608014700e+01
5.471054568210e+09	-2.100692363930e+01	7.765018408820e+01
5.471060826030e+09	-2.116445462120e+01	7.776726592560e+01
5.471067083850e+09	-2.100163271440e+01	7.728872599150e+01
5.471073341680e+09	-2.110531611650e+01	7.906832618570e+01
5.471079599500e+09	-2.119970107020e+01	7.775252318360e+01
5.471085857320e+09	-2.108747260010e+01	7.891855316680e+01
5.471092115140e+09	-2.105278840600e+01	7.792766058600e+01
5.471098372970e+09	-2.104939062970e+01	7.745875226780e+01
5.471104630790e+09	-2.104080888300e+01	7.724443669160e+01
5.471110888610e+09	-2.109647144420e+01	7.796199691420e+01
5.471117146430e+09	-2.113812945530e+01	7.717351046460e+01
5.471123404260e+09	-2.117380711800e+01	7.774251642050e+01
5.471129662080e+09	-2.105678828760e+01	7.756305293410e+01
5.471135919900e+09	-2.107597691990e+01	7.735338759960e+01
5.471142177720e+09	-2.101798168350e+01	7.630167127990e+01
5.471148435540e+09	-2.103925794690e+01	7.825329648340e+01
5.471154693370e+09	-2.101357479620e+01	7.872044826700e+01
5.471160951190e+09	-2.106186937740e+01	7.772558392840e+01
5.471167209010e+09	-2.106717174630e+01	7.730707239830e+01
5.471173466830e+09	-2.090132929250e+01	7.710522599850e+01
5.471179724660e+09	-2.091642721610e+01	7.798053162560e+01
5.471185982480e+09	-2.098461868320e+01	7.741565367150e+01
5.471192240300e+09	-2.105020932320e+01	7.777237988820e+01
5.471198498120e+09	-2.104377366030e+01	7.672624583890e+01
5.471204755940e+09	-2.110271592840e+01	7.760366504300e+01
5.471211013770e+09	-2.120710702030e+01	7.748413190890e+01
5.471217271590e+09	-2.090394693890e+01	7.751213195220e+01
5.471223529410e+09	-2.121562011270e+01	7.771412935190e+01
5.471229787230e+09	-2.125141200170e+01	7.753565485810e+01
5.471236045060e+09	-2.095036236920e+01	7.690567826150e+01
5.471242302880e+09	-2.100447977870e+01	7.663692124530e+01
5.471248560700e+09	-2.097636083380e+01	7.682612492920e+01
5.471254818520e+09	-2.081847761500e+01	7.708578078050e+01
5.471261076350e+09	-2.117177648520e+01	7.864991517160e+01
5.471267334170e+09	-2.097074243240e+01	7.735243651030e+01
5.471273591990e+09	-2.109450522790e+01	7.686943531470e+01
5.471279849810e+09	-2.091682820000e+01	7.804025138160e+01
5.471286107630e+09	-2.096988955540e+01	7.725496173820e+01
5.471292365460e+09	-2.115103873350e+01	7.824398796240e+01
5.471298623280e+09	-2.109483931540e+01	7.793972612380e+01
5.471304881100e+09	-2.110203815080e+01	7.754242604820e+01
5.471311138920e+09	-2.131920464850e+01	7.680498756250e+01
5.471317396750e+09	-2.087624741710e+01	7.787677622640e+01
5.471323654570e+09	-2.090584588540e+01	7.665415557860e+01
5.471329912390e+09	-2.087681886910e+01	7.819880613730e+01
5.471336170210e+09	-2.105699114680e+01	7.745435515210e+01
5.471342428040e+09	-2.089574705800e+01	7.853345983230e+01
5.471348685860e+09	-2.089241420360e+01	7.850800008260e+01
5.471354943680e+09	-2.108654405180e+01	7.770161857020e+01
5.471361201500e+09	-2.108838840490e+01	7.729693921370e+01
5.471367459320e+09	-2.123560667220e+01	7.732012897450e+01
5.471373717150e+09	-2.090345862040e+01	7.706685828490e+01
5.471379974970e+09	-2.102234074500e+01	7.698317707500e+01
5.471386232790e+09	-2.111116701600e+01	7.703494254810e+01
5.471392490610e+09	-2.109604136990e+01	7.673370495000e+01
5.471398748440e+09	-2.116064737630e+01	7.661354615020e+01
5.471405006260e+09	-2.107523708560e+01	7.816694710280e+01
5.471411264080e+09	-2.102275126870e+01	7.685130271960e+01
5.471417521900e+09	-2.102292483430e+01	7.690276641400e+01
5.471423779720e+09	-2.116221851520e+01	7.761699190920e+01
5.471430037550e+09	-2.097366159260e+01	7.761472364520e+01
5.471436295370e+09	-2.099770397850e+01	7.636320523900e+01
5.471442553190e+09	-2.118547416850e+01	7.686016123150e+01
5.471448811010e+09	-2.108274138000e+01	7.709925478820e+01
5.471455068840e+09	-2.091702728110e+01	7.665540687580e+01
5.471461326660e+09	-2.085288895410e+01	7.742257242280e+01
5.471467584480e+09	-2.097602523500e+01	7.736657859550e+01
5.471473842300e+09	-2.115796463850e+01	7.695021685810e+01
5.471480100130e+09	-2.115324230530e+01	7.638362093260e+01
5.471486357950e+09	-2.104832907610e+01	7.633341332820e+01
5.471492615770e+09	-2.103723028430e+01	7.814175677660e+01
5.471498873590e+09	-2.119867973450e+01	7.701411521350e+01
5.471505131410e+09	-2.087396270840e+01	7.627556137490e+01
5.471511389240e+09	-2.091579414050e+01	7.597502544740e+01
5.471517647060e+09	-2.105854495120e+01	7.712781053870e+01
5.471523904880e+09	-2.115705954280e+01	7.656029555220e+01
5.471530162700e+09	-2.114458842220e+01	7.789607232620e+01
5.471536420530e+09	-2.087590909440e+01	7.735998149300e+01
5.471542678350e+09	-2.090233467160e+01	7.679475723470e+01
5.471548936170e+09	-2.098232197060e+01	7.763024442370e+01
5.471555193990e+09	-2.103606121990e+01	7.738888300800e+01
5.471561451810e+09	-2.095855776630e+01	7.686530497870e+01
5.471567709640e+09	-2.097937394030e+01	7.721179168860e+01
5.471573967460e+09	-2.097120283180e+01	7.679711811630e+01
5.471580225280e+09	-2.096296777060e+01	7.551908146890e+01
5.471586483100e+09	-2.093687668270e+01	7.655905186840e+01
5.471592740930e+09	-2.120228482440e+01	7.707598697450e+01
5.471598998750e+09	-2.103727769730e+01	7.691543132810e+01
5.471605256570e+09	-2.099549201460e+01	7.718660777760e+01
5.471611514390e+09	-2.105511831710e+01	7.808100839040e+01
5.471617772220e+09	-2.102540589680e+01	7.608154890670e+01
5.471624030040e+09	-2.096053827650e+01	7.588390613240e+01
5.471630287860e+09	-2.095388847740e+01	7.622378829330e+01
5.471636545680e+09	-2.094974908740e+01	7.653235014420e+01
5.471642803500e+09	-2.092786215990e+01	7.697148531710e+01
5.471649061330e+09	-2.094321479650e+01	7.565995692840e+01
5.471655319150e+09	-2.089547661420e+01	7.694494969090e+01
5.471661576970e+09	-2.107415809370e+01	7.624995380530e+01
5.471667834790e+09	-2.097496600130e+01	7.635949685400e+01
5.471674092620e+09	-2.103835260900e+01	7.697160002150e+01
5.471680350440e+09	-2.102337556890e+01	7.679837359450e+01
5.471686608260e+09	-2.098009281650e+01	7.668012328670e+01
5.471692866080e+09	-2.094362590660e+01	7.628138026380e+01
5.471699123900e+09	-2.103166872000e+01	7.629507611910e+01
5.471705381730e+09	-2.082108268100e+01	7.684434927380e+01
5.471711639550e+09	-2.109185584380e+01	7.598320567000e+01
5.471717897370e+09	-2.107761481510e+01	7.682248200900e+01
5.471724155190e+09	-2.110981846150e+01	7.499253197430e+01
5.471730413020e+09	-2.103571544800e+01	7.709319367240e+01
5.471736670840e+09	-2.099276591560e+01	7.659732137360e+01
5.471742928660e+09	-2.108049595370e+01	7.743912701870e+01
5.471749186480e+09	-2.087182292280e+01	7.618367152310e+01
5.471755444310e+09	-2.091233226160e+01	7.698518317520e+01
5.471761702130e+09	-2.079813127520e+01	7.546557401600e+01
5.471767959950e+09	-2.089927678660e+01	7.669438192890e+01
5.471774217770e+09	-2.128662359590e+01	7.653623247700e+01
5.471780475590e+09	-2.088569312380e+01	7.729646253620e+01
5.471786733420e+09	-2.092161756900e+01	7.694583781860e+01
5.471792991240e+09	-2.093732809500e+01	7.673034718870e+01
5.471799249060e+09	-2.099826310740e+01	7.636853397490e+01
5.471805506880e+09	-2.100242682930e+01	7.495219790180e+01
5.471811764710e+09	-2.112992071530e+01	7.648974820920e+01
5.471818022530e+09	-2.096240874440e+01	7.757011012830e+01
5.471824280350e+09	-2.122259933120e+01	7.739447033520e+01
5.471830538170e+09	-2.094323590270e+01	7.736310061250e+01
5.471836795990e+09	-2.118834141360e+01	7.575600541310e+01
5.471843053820e+09	-2.087233486230e+01	7.720889960130e+01
5.471849311640e+09	-2.080341484080e+01	7.566971611510e+01
5.471855569460e+09	-2.083349401500e+01	7.732885253130e+01
5.471861827280e+09	-2.108663929320e+01	7.665908924060e+01
5.471868085110e+09	-2.086085824230e+01	7.666567417540e+01
5.471874342930e+09	-2.076034044490e+01	7.668333272390e+01
5.471880600750e+09	-2.103178675360e+01	7.631575240270e+01
5.471886858570e+09	-2.104233980750e+01	7.610985514630e+01
5.471893116400e+09	-2.101578299300e+01	7.717776624280e+01
5.471899374220e+09	-2.106909260270e+01	7.699917981850e+01
5.471905632040e+09	-2.103914273340e+01	7.530500965020e+01
5.471911889860e+09	-2.085847439650e+01	7.770636420740e+01
5.471918147680e+09	-2.083983503410e+01	7.721965972390e+01
5.471924405510e+09	-2.121210945150e+01	7.755130712500e+01
5.471930663330e+09	-2.092859253900e+01	7.745072026330e+01
5.471936921150e+09	-2.111441134230e+01	7.553541659720e+01
5.471943178970e+09	-2.092362037940e+01	7.602957579920e+01
5.471949436800e+09	-2.091314021540e+01	7.735415286240e+01
5.471955694620e+09	-2.102106206430e+01	7.692435711220e+01
5.471961952440e+09	-2.072898302840e+01	7.753284387570e+01
5.471968210260e+09	-2.080038177970e+01	7.624344368820e+01
5.471974468090e+09	-2.091600595970e+01	7.643232263250e+01
5.471980725910e+09	-2.092316517780e+01	7.577965229380e+01
5.471986983730e+09	-2.082795928990e+01	7.668937273060e+01
5.471993241550e+09	-2.108047767920e+01	7.570412811470e+01
5.471999499370e+09	-2.091969084670e+01	7.658892554800e+01
5.472005757200e+09	-2.094632986140e+01	7.656638916190e+01
5.472012015020e+09	-2.081765395920e+01	7.761989441310e+01
5.472018272840e+09	-2.099016458310e+01	7.625582810620e+01
5.472024530660e+09	-2.100302670750e+01	7.643347019390e+01
5.472030788490e+09	-2.099225278250e+01	7.651900553260e+01
5.472037046310e+09	-2.105060739470e+01	7.585350029420e+01
5.472043304130e+09	-2.111784026220e+01	7.663988854050e+01
5.472049561950e+09	-2.095805832510e+01	7.610613113730e+01
5.472055819770e+09	-2.090329283000e+01	7.547427965190e+01
5.472062077600e+09	-2.101880160030e+01	7.725603441800e+01
5.472068335420e+09	-2.100110020860e+01	7.532896258050e+01
5.472074593240e+09	-2.078782460600e+01	7.663103870200e+01
5.472080851060e+09	-2.103600562210e+01	7.628984713020e+01
5.472087108890e+09	-2.106543505620e+01	7.670849181180e+01
5.472093366710e+09	-2.110730503640e+01	7.741766523890e+01
5.472099624530e+09	-2.092659069200e+01	7.558066737440e+01
5.472105882350e+09	-2.094928186380e+01	7.638794420550e+01
5.472112140180e+09	-2.094427383030e+01	7.552429600150e+01
5.472118398000e+09	-2.107675975660e+01	7.461485148320e+01
5.472124655820e+09	-2.094680644650e+01	7.689100212510e+01
5.472130913640e+09	-2.095928304870e+01	7.614851725410e+01
5.472137171460e+09	-2.097462518190e+01	7.619419605730e+01
5.472143429290e+09	-2.106578927390e+01	7.477828170620e+01
5.472149687110e+09	-2.099672970270e+01	7.592760098950e+01
5.472155944930e+09	-2.090232469030e+01	7.621016809790e+01
5.472162202750e+09	-2.104121250980e+01	7.673667907930e+01
5.472168460580e+09	-2.096167386570e+01	7.654558684300e+01
5.472174718400e+09	-2.084090871120e+01	7.590463727590e+01
5.472180976220e+09	-2.101306315250e+01	7.512996299570e+01
5.472187234040e+09	-2.096769826730e+01	7.700592075900e+01
5.472193491860e+09	-2.111323311410e+01	7.713681534040e+01
5.472199749690e+09	-2.084575391770e+01	7.550668381720e+01
5.472206007510e+09	-2.103636109520e+01	7.604664320270e+01
5.472212265330e+09	-2.071908414360e+01	7.713367492060e+01
5.472218523150e+09	-2.099630097700e+01	7.545661023080e+01
5.472224780980e+09	-2.092866150080e+01	7.669269146720e+01
5.472231038800e+09	-2.088072208100e+01	7.609027839510e+01
5.472237296620e+09	-2.094998163170e+01	7.639106851870e+01
5.472243554440e+09	-2.088980497840e+01	7.647383916260e+01
5.472249812270e+09	-2.095497209640e+01	7.764883246870e+01
5.472256070090e+09	-2.078125738450e+01	7.581018970470e+01
5.472262327910e+09	-2.087698535030e+01	7.641500251670e+01
5.472268585730e+09	-2.104456964860e+01	7.714119122750e+01
5.472274843550e+09	-2.084480187570e+01	7.534044554050e+01
5.472281101380e+09	-2.091829717800e+01	7.681511488350e+01
5.472287359200e+09	-2.104512693090e+01	7.605591229770e+01
5.472293617020e+09	-2.090694191600e+01	7.738106060130e+01
5.472299874840e+09	-2.077684143620e+01	7.611018919900e+01
5.472306132670e+09	-2.086248922360e+01	7.583606355360e+01
5.472312390490e+09	-2.093292928350e+01	7.600811563740e+01
5.472318648310e+09	-2.098443080170e+01	7.615978769370e+01
5.472324906130e+09	-2.089501419250e+01	7.644784763300e+01
5.472331163950e+09	-2.098764797410e+01	7.595526912710e+01
5.472337421780e+09	-2.100069495570e+01	7.645298732940e+01
5.472343679600e+09	-2.090605110510e+01	7.659690445010e+01
5.472349937420e+09	-2.102466928140e+01	7.649022964490e+01
5.472356195240e+09	-2.083136600060e+01	7.613596369460e+01
5.472362453070e+09	-2.077210095590e+01	7.482452369510e+01
5.472368710890e+09	-2.086554793700e+01	7.619486401690e+01
5.472374968710e+09	-2.094439755160e+01	7.566770688160e+01
5.472381226530e+09	-2.110478733170e+01	7.540845860360e+01
5.472387484360e+09	-2.091820697140e+01	7.620713047230e+01
5.472393742180e+09	-2.085678705720e+01	7.587090628050e+01
5.472400000000e+09	-2.071565398400e+01	7.633946398680e+01
